id	fecha	fiacao_meta	fiacao_enc_urd	indigo_meta	indigo_enc_urd	tecelagem_meta	tecelagem_enc_urd	acabamento_meta	acabamento_enc_urd	observaciones	created_at	updated_at	revision	Dia	Indigo	Meta_Eficiencia_INDIGO	Meta_Rotura_INDIGO	Meta_Estopa_Azul	Tejeduria	RU105	RT105	EFI_Percent	Meta_Estopa_Azul_Tejeduria	Integrada	Meta_Velocidad_Integrada	Meta_ENC_URD_Integrada	Revision	Dia_Invertido
2371	2026-02-28										2026-02-08	2026-02-08		2026-02-28	44639	88	1	1.8	35722	1.6	2	88	0.3	36145	40	-1.5	42742	1
2370	2026-02-27										2026-02-08	2026-02-08		2026-02-27	44643	88	1	1.8	35714	1.6	2	88	0.3	36145	40	-1.5	42739	2
2369	2026-02-26										2026-02-08	2026-02-08		2026-02-26	44643	88	1	1.8	35714	1.6	2	88	0.3	36145	40	-1.5	42739	3
2368	2026-02-25										2026-02-08	2026-02-08		2026-02-25	44643	88	1	1.8	35714	1.6	2	88	0.3	36145	40	-1.5	42739	4
2367	2026-02-24										2026-02-08	2026-02-08		2026-02-24	44643	88	1	1.8	35714	1.6	2	88	0.3	36145	40	-1.5	42739	5
2366	2026-02-23										2026-02-08	2026-02-08		2026-02-23	44643	88	1	1.8	35714	1.6	2	88	0.3	36145	40	-1.5	42739	6
2365	2026-02-22										2026-02-08	2026-02-08		2026-02-22	44643	88	1	1.8	35714	1.6	2	88	0.3	36145	40	-1.5		7
2364	2026-02-21										2026-02-08	2026-02-08		2026-02-21	44643	88	1	1.8	35714	1.6	2	88	0.3	36145	40	-1.5	42739	8
2363	2026-02-20										2026-02-08	2026-02-08		2026-02-20	44643	88	1	1.8	35714	1.6	2	88	0.3	36145	40	-1.5	42739	9
2362	2026-02-19										2026-02-08	2026-02-08		2026-02-19	44643	88	1	1.8	35714	1.6	2	88	0.3	36145	40	-1.5	42739	10
2361	2026-02-18										2026-02-08	2026-02-08		2026-02-18	44643	88	1	1.8	35714	1.6	2	88	0.3	36145	40	-1.5	42739	11
2360	2026-02-17										2026-02-08	2026-02-08		2026-02-17	44643	88	1	1.8	35714	1.6	2	88	0.3	36145	40	-1.5	42739	12
2359	2026-02-16										2026-02-08	2026-02-08		2026-02-16	44643	88	1	1.8	35714	1.6	2	88	0.3	36145	40	-1.5	42739	13
2358	2026-02-15										2026-02-08	2026-02-08		2026-02-15	44643	88	1	1.8	35714	1.6	2	88	0.3	36145	40	-1.5		14
2357	2026-02-14										2026-02-08	2026-02-08		2026-02-14	44643	88	1	1.8	35714	1.6	2	88	0.3	36145	40	-1.5	42739	15
2356	2026-02-13										2026-02-08	2026-02-08		2026-02-13	44643	88	1	1.8	35714	1.6	2	88	0.3	36145	40	-1.5	42739	16
2355	2026-02-12										2026-02-08	2026-02-08		2026-02-12	44643	88	1	1.8	35714	1.6	2	88	0.3	36145	40	-1.5	42739	17
2354	2026-02-11										2026-02-08	2026-02-08		2026-02-11	44643	88	1	1.8	35714	1.6	2	88	0.3	36145	40	-1.5	42739	18
2353	2026-02-10										2026-02-08	2026-02-08		2026-02-10	44643	88	1	1.8	35714	1.6	2	88	0.3	36145	40	-1.5	42739	19
2352	2026-02-09										2026-02-08	2026-02-08		2026-02-09	44643	88	1	1.8	35714	1.6	2	88	0.3	36145	40	-1.5	42739	20
2351	2026-02-08										2026-02-08	2026-02-08		2026-02-08	44643	88	1	1.8	35714	1.6	2	88	0.3	36145	40	-1.5		21
2350	2026-02-07										2026-02-08	2026-02-08		2026-02-07	44643	88	1	1.8	35714	1.6	2	88	0.3	36145	40	-1.5	42739	22
2349	2026-02-06										2026-02-08	2026-02-08		2026-02-06	44643	88	1	1.8	35714	1.6	2	88	0.3	36145	40	-1.5	42739	23
2348	2026-02-05										2026-02-08	2026-02-08		2026-02-05	44643	88	1	1.8	35714	1.6	2	88	0.3	36145	40	-1.5	42739	24
2347	2026-02-04										2026-02-08	2026-02-08		2026-02-04	44643	88	1	1.8	35714	1.6	2	88	0.3	36145	40	-1.5	42739	25
2346	2026-02-03										2026-02-08	2026-02-08		2026-02-03	44643	88	1	1.8	35714	1.6	2	88	0.3	36145	40	-1.5	42739	26
2345	2026-02-02										2026-02-08	2026-02-08		2026-02-02	44643	88	1	1.8	35714	1.6	2	88	0.3	36145	40	-1.5	17000	27
2344	2026-02-01										2026-02-08	2026-02-08		2026-02-01	44643	88	1	1.8	35714	1.6	2	88	0.3	24085	40	-1.5	0	28
2343	2026-01-31										2026-01-20	2026-01-20		2026-01-31	43654	88	1	1.8	36772	1.6	2	88	0.3	36152	40	-1.5	41667	1
2342	2026-01-30										2026-01-20	2026-01-20		2026-01-30	43654	88	1	1.8	36769	1.6	2	88	0.3	36154	40	-1.5	41667	2
2341	2026-01-29										2026-01-20	2026-01-20		2026-01-29	43654	88	1	1.8	36769	1.6	2	88	0.3	36154	40	-1.5	41667	3
2340	2026-01-28										2026-01-20	2026-01-20		2026-01-28	43654	88	1	1.8	36769	1.6	2	88	0.3	36154	40	-1.5	41667	4
2339	2026-01-27										2026-01-20	2026-01-20		2026-01-27	43654	88	1	1.8	36769	1.6	2	88	0.3	36154	40	-1.5	41667	5
2338	2026-01-26										2026-01-20	2026-01-20		2026-01-26	43654	88	1	1.8	36769	1.6	2	88	0.3	36154	40	-1.5	41667	6
2337	2026-01-25										2026-01-20	2026-01-20		2026-01-25	43654	88	1	1.8	36769	1.6	2	88	0.3	36154	40	-1.5	0	7
2336	2026-01-24										2026-01-20	2026-01-20		2026-01-24	43654	88	1	1.8	36769	1.6	2	88	0.3	36154	40	-1.5	41667	8
2335	2026-01-23										2026-01-20	2026-01-20		2026-01-23	43654	88	1	1.8	36769	1.6	2	88	0.3	36154	40	-1.5	41667	9
2334	2026-01-22										2026-01-20	2026-01-20		2026-01-22	43654	88	1	1.8	36769	1.6	2	88	0.3	36154	40	-1.5	41667	10
2333	2026-01-21										2026-01-20	2026-01-20		2026-01-21	43654	88	1	1.8	36769	1.6	2	88	0.3	36154	40	-1.5	41667	11
2332	2026-01-20										2026-01-20	2026-01-20		2026-01-20	43654	88	1	1.8	36769	1.6	2	88	0.3	36154	40	-1.5	41667	12
2331	2026-01-19										2026-01-20	2026-01-20		2026-01-19	43652	88	1	1.8	36769	1.6	2	88	0.3	36154	40	-1.5	41667	13
2330	2026-01-18										2026-01-20	2026-01-20		2026-01-18	0	88	1	1.8	0	1.6	2	88	0.3	0	40	-1.5	0	14
2329	2026-01-17										2026-01-20	2026-01-20		2026-01-17	20000	88	1	1.8	12000	1.6	2	88	0.3	20000	40	-1.5	16667	15
2328	2026-01-16										2026-01-20	2026-01-20		2026-01-16	20000	88	1	1.8	12000	1.6	2	88	0.3	20000	40	-1.5	16667	16
2327	2026-01-15										2026-01-20	2026-01-20		2026-01-15	20000	88	1	1.8	12000	1.6	2	88	0.3	20000	40	-1.5	16662	17
2326	2026-01-14										2026-01-20	2026-01-20		2026-01-14	20000	88	1	1.8	12000	1.6	2	88	0.3	20000	40	-1.5	0	18
2325	2026-01-13										2026-01-20	2026-01-20		2026-01-13	20000	88	1	1.8	12000	1.6	2	88	0.3	0	40	-1.5	0	19
2324	2026-01-12										2026-01-20	2026-01-20		2026-01-12	20000	88	1	1.8	12000	1.6	2	88	0.3	0	40	-1.5	0	20
2323	2026-01-11										2026-01-20	2026-01-20		2026-01-11	0	88	1	1.8	0	1.6	2	88	0.3	0	40	-1.5	0	21
2322	2026-01-10										2026-01-20	2026-01-20		2026-01-10	0	88	1	1.8	0	1.6	2	88	0.3	0	40	-1.5	0	22
2321	2026-01-09										2026-01-20	2026-01-20		2026-01-09	0	88	1	1.8	0	1.6	2	88	0.3	0	40	-1.5	0	23
2320	2026-01-08										2026-01-20	2026-01-20		2026-01-08	0	88	1	1.8	0	1.6	2	88	0.3	0	40	-1.5	0	24
2319	2026-01-07										2026-01-20	2026-01-20		2026-01-07	0	88	1	1.8	0	1.6	2	88	0.3	0	40	-1.5	0	25
2318	2026-01-06										2026-01-20	2026-01-20		2026-01-06	0	88	1	1.8	0	1.6	2	88	0.3	0	40	-1.5	0	26
2317	2026-01-05										2026-01-20	2026-01-20		2026-01-05	0	88	1	1.8	0	1.6	2	88	0.3	0	40	-1.5	0	27
2316	2026-01-04										2026-01-20	2026-01-20		2026-01-04	0	88	1	1.8	0	1.6	2	88	0.3	0	40	-1.5	0	28
2315	2026-01-03										2026-01-20	2026-01-20		2026-01-03	0	88	1	1.8	0	1.6	2	88	0.3	0	40	-1.5	0	29
2314	2026-01-02										2026-01-20	2026-01-20		2026-01-02	0	88	1	1.8	0	1.6	2	88	0.3	0	40	-1.5	0	30
2313	2026-01-01										2026-01-20	2026-01-20		2026-01-01	0	88	1	1.8	0	1.6	2	88	0.3	0	40	-1.5	0	31
2312	2025-12-31										2026-01-21	2026-01-21		2025-12-31	0	88	1	1.8	0	1.6	2	88	0.3	0	40	-1.5	0	1
2311	2025-12-30										2026-01-21	2026-01-21		2025-12-30	0	88	1	1.8	0	1.6	2	88	0.3	0	40	-1.5	0	2
2310	2025-12-29										2026-01-21	2026-01-21		2025-12-29	0	88	1	1.8	0	1.6	2	88	0.3	0	40	-1.5	0	3
2309	2025-12-28										2026-01-21	2026-01-21		2025-12-28	0	88	1	1.8	0	1.6	2	88	0.3	0	40	-1.5	0	4
2308	2025-12-27										2026-01-21	2026-01-21		2025-12-27	0	88	1	1.8	0	1.6	2	88	0.3	0	40	-1.5	0	5
2307	2025-12-26										2026-01-21	2026-01-21		2025-12-26	0	88	1	1.8	0	1.6	2	88	0.3	0	40	-1.5	0	6
2306	2025-12-25										2026-01-21	2026-01-21		2025-12-25	0	88	1	1.8	0	1.6	2	88	0.3	0	40	-1.5	0	7
2305	2025-12-24										2026-01-21	2026-01-21		2025-12-24	0	88	1	1.8	0	1.6	2	88	0.3	0	40	-1.5	0	8
2304	2025-12-23										2026-01-21	2026-01-21		2025-12-23	0	88	1	1.8	0	1.6	2	88	0.3	0	40	-1.5	0	9
2303	2025-12-22										2026-01-21	2026-01-21		2025-12-22	0	88	1	1.8	0	1.6	2	88	0.3	0	40	-1.5	0	10
2302	2025-12-21										2026-01-21	2026-01-21		2025-12-21	0	88	1	1.8	0	1.6	2	88	0.3	0	40	-1.5	0	11
2301	2025-12-20										2026-01-21	2026-01-21		2025-12-20	46875	88	1	1.8	37500	1.6	2	88	0.3	38128	40	-1.5	44118	12
2300	2025-12-19										2026-01-21	2026-01-21		2025-12-19	46875	88	1	1.8	37500	1.6	2	88	0.3	38136	40	-1.5	44118	13
2299	2025-12-18										2026-01-21	2026-01-21		2025-12-18	46875	88	1	1.8	37500	1.6	2	88	0.3	38136	40	-1.5	44118	14
2298	2025-12-17										2026-01-21	2026-01-21		2025-12-17	46875	88	1	1.8	37500	1.6	2	88	0.3	38136	40	-1.5	44118	15
2297	2025-12-16										2026-01-21	2026-01-21		2025-12-16	46875	88	1	1.8	37500	1.6	2	88	0.3	38136	40	-1.5	44118	16
2296	2025-12-15										2026-01-21	2026-01-21		2025-12-15	46875	88	1	1.8	37500	1.6	2	88	0.3	38136	40	-1.5	44118	17
2295	2025-12-14										2026-01-21	2026-01-21		2025-12-14	46875	88	1	1.8	37500	1.6	2	88	0.3	38136	40	-1.5	0	18
2294	2025-12-13										2026-01-21	2026-01-21		2025-12-13	46875	88	1	1.8	37500	1.6	2	88	0.3	38136	40	-1.5	44118	19
2293	2025-12-12										2026-01-21	2026-01-21		2025-12-12	46875	88	1	1.8	37500	1.6	2	88	0.3	38136	40	-1.5	44118	20
2292	2025-12-11										2026-01-21	2026-01-21		2025-12-11	46875	88	1	1.8	37500	1.6	2	88	0.3	38136	40	-1.5	44118	21
2291	2025-12-10										2026-01-21	2026-01-21		2025-12-10	46875	88	1	1.8	37500	1.6	2	88	0.3	38136	40	-1.5	44118	22
2290	2025-12-09										2026-01-21	2026-01-21		2025-12-09	46875	88	1	1.8	37500	1.6	2	88	0.3	38136	40	-1.5	44118	23
2289	2025-12-08										2026-01-21	2026-01-21		2025-12-08	46875	88	1	1.8	37500	1.6	2	88	0.3	38136	40	-1.5	44118	24
2288	2025-12-07										2026-01-21	2026-01-21		2025-12-07	46875	88	1	1.8	37500	1.6	2	88	0.3	38136	40	-1.5	0	25
2287	2025-12-06										2026-01-21	2026-01-21		2025-12-06	46875	88	1	1.8	37500	1.6	2	88	0.3	38136	40	-1.5	44118	26
2286	2025-12-05										2026-01-21	2026-01-21		2025-12-05	46875	88	1	1.8	37500	1.6	2	88	0.3	38136	40	-1.5	44118	27
2285	2025-12-04										2026-01-21	2026-01-21		2025-12-04	46875	88	1	1.8	37500	1.6	2	88	0.3	38136	40	-1.5	44118	28
2284	2025-12-03										2026-01-21	2026-01-21		2025-12-03	46875	88	1	1.8	37500	1.6	2	88	0.3	38136	40	-1.5	44118	29
2283	2025-12-02										2026-01-21	2026-01-21		2025-12-02	46875	88	1	1.8	37500	1.6	2	88	0.3	38136	40	-1.5	44112	30
2282	2025-12-01										2026-01-21	2026-01-21		2025-12-01	46875	88	1	1.8	37500	1.6	2	88	0.3	25424	40	-1.5	0	31
2281	2025-11-30										2026-01-21	2026-01-21		2025-11-30	47093	88	1	1.8	37657	1.6	2	88	0.3	38563	40	-1.5	45200	1
2280	2025-11-29										2026-01-21	2026-01-21		2025-11-29	47083	88	1	1.8	37667	1.6	2	88	0.3	38523	40	-1.5	45200	2
2279	2025-11-28										2026-01-21	2026-01-21		2025-11-28	47083	88	1	1.8	37667	1.6	2	88	0.3	38523	40	-1.5	45200	3
2278	2025-11-27										2026-01-21	2026-01-21		2025-11-27	47083	88	1	1.8	37667	1.6	2	88	0.3	38523	40	-1.5	45200	4
2277	2025-11-26										2026-01-21	2026-01-21		2025-11-26	47083	88	1	1.8	37667	1.6	2	88	0.3	38523	40	-1.5	45200	5
2276	2025-11-25										2026-01-21	2026-01-21		2025-11-25	47083	88	1	1.8	37667	1.6	2	88	0.3	38523	40	-1.5	45200	6
2275	2025-11-24										2026-01-21	2026-01-21		2025-11-24	47083	88	1	1.8	37667	1.6	2	88	0.3	38523	40	-1.5	45200	7
2274	2025-11-23										2026-01-21	2026-01-21		2025-11-23	47083	88	1	1.8	37667	1.6	2	88	0.3	38523	40	-1.5	0	8
2273	2025-11-22										2026-01-21	2026-01-21		2025-11-22	47083	88	1	1.8	37667	1.6	2	88	0.3	38523	40	-1.5	45200	9
2272	2025-11-21										2026-01-21	2026-01-21		2025-11-21	47083	88	1	1.8	37667	1.6	2	88	0.3	38523	40	-1.5	45200	10
2271	2025-11-20										2026-01-21	2026-01-21		2025-11-20	47083	88	1	1.8	37667	1.6	2	88	0.3	38523	40	-1.5	45200	11
2270	2025-11-19										2026-01-21	2026-01-21		2025-11-19	47083	88	1	1.8	37667	1.6	2	88	0.3	38523	40	-1.5	45200	12
2269	2025-11-18										2026-01-21	2026-01-21		2025-11-18	47083	88	1	1.8	37667	1.6	2	88	0.3	38523	40	-1.5	45200	13
2268	2025-11-17										2026-01-21	2026-01-21		2025-11-17	47083	88	1	1.8	37667	1.6	2	88	0.3	38523	40	-1.5	45200	14
2267	2025-11-16										2026-01-21	2026-01-21		2025-11-16	47083	88	1	1.8	37667	1.6	2	88	0.3	38523	40	-1.5	0	15
2266	2025-11-15										2026-01-21	2026-01-21		2025-11-15	47083	88	1	1.8	37667	1.6	2	88	0.3	38523	40	-1.5	45200	16
2265	2025-11-14										2026-01-21	2026-01-21		2025-11-14	47083	88	1	1.8	37667	1.6	2	88	0.3	38523	40	-1.5	45200	17
2264	2025-11-13										2026-01-21	2026-01-21		2025-11-13	47083	88	1	1.8	37667	1.6	2	88	0.3	38523	40	-1.5	45200	18
2263	2025-11-12										2026-01-21	2026-01-21		2025-11-12	47083	88	1	1.8	37667	1.6	2	88	0.3	38523	40	-1.5	45200	19
2262	2025-11-11										2026-01-21	2026-01-21		2025-11-11	47083	88	1	1.8	37667	1.6	2	88	0.3	38523	40	-1.5	45200	20
2261	2025-11-10										2026-01-21	2026-01-21		2025-11-10	47083	88	1	1.8	37667	1.6	2	88	0.3	38523	40	-1.5	45200	21
2260	2025-11-09										2026-01-21	2026-01-21		2025-11-09	47083	88	1	1.8	37667	1.6	2	88	0.3	38523	40	-1.5	0	22
2259	2025-11-08										2026-01-21	2026-01-21		2025-11-08	47083	88	1	1.8	37667	1.6	2	88	0.3	38523	40	-1.5	45200	23
2258	2025-11-07										2026-01-21	2026-01-21		2025-11-07	47083	88	1	1.8	37667	1.6	2	88	0.3	38523	40	-1.5	45200	24
2257	2025-11-06										2026-01-21	2026-01-21		2025-11-06	47083	88	1	1.8	37667	1.6	2	88	0.3	38523	40	-1.5	45200	25
2256	2025-11-05										2026-01-21	2026-01-21		2025-11-05	47083	88	1	1.8	37667	1.6	2	88	0.3	38523	40	-1.5	45200	26
2255	2025-11-04										2026-01-21	2026-01-21		2025-11-04	47083	88	1	1.8	37667	1.6	2	88	0.3	38523	40	-1.5	45200	27
2254	2025-11-03										2026-01-21	2026-01-21		2025-11-03	47083	88	1	1.8	37667	1.6	2	88	0.3	38523	40	-1.5	45200	28
2253	2025-11-02										2026-01-21	2026-01-21		2025-11-02	47083	88	1	1.8	37667	1.6	2	88	0.3	38475	40	-1.5	0	29
2252	2025-11-01										2026-01-21	2026-01-21		2025-11-01	47083	88	1	1.8	37667	1.6	2	88	0.3	12841	40	-1.5	0	30
2251	2025-10-31										2026-01-21	2026-01-21		2025-10-31	46468	88	1	1.8	37167	1.6	2	88	0.3	38022	40	-1.5	44312	1
2250	2025-10-30										2026-01-21	2026-01-21		2025-10-30	46458	88	1	1.8	37167	1.6	2	88	0.3	38011	40	-1.5	44305	2
2249	2025-10-29										2026-01-21	2026-01-21		2025-10-29	46458	88	1	1.8	37167	1.6	2	88	0.3	38011	40	-1.5	44305	3
2248	2025-10-28										2026-01-21	2026-01-21		2025-10-28	46458	88	1	1.8	37167	1.6	2	88	0.3	38011	40	-1.5	44305	4
2247	2025-10-27										2026-01-21	2026-01-21		2025-10-27	46458	88	1	1.8	37167	1.6	2	88	0.3	38011	40	-1.5	44305	5
2246	2025-10-26										2026-01-21	2026-01-21		2025-10-26	46458	88	1	1.8	37167	1.6	2	88	0.3	38011	40	-1.5	0	6
2245	2025-10-25										2026-01-21	2026-01-21		2025-10-25	46458	88	1	1.8	37167	1.6	2	88	0.3	38011	40	-1.5	44305	7
2244	2025-10-24										2026-01-21	2026-01-21		2025-10-24	46458	88	1	1.8	37167	1.6	2	88	0.3	38011	40	-1.5	44305	8
2243	2025-10-23										2026-01-21	2026-01-21		2025-10-23	46458	88	1	1.8	37167	1.6	2	88	0.3	38011	40	-1.5	44305	9
2242	2025-10-22										2026-01-21	2026-01-21		2025-10-22	46458	88	1	1.8	37167	1.6	2	88	0.3	38011	40	-1.5	44305	10
2241	2025-10-21										2026-01-21	2026-01-21		2025-10-21	46458	88	1	1.8	37167	1.6	2	88	0.3	38011	40	-1.5	44305	11
2240	2025-10-20										2026-01-21	2026-01-21		2025-10-20	46458	88	1	1.8	37167	1.6	2	88	0.3	38011	40	-1.5	44305	12
2239	2025-10-19										2026-01-21	2026-01-21		2025-10-19	0	88	1	1.8	0	1.6	2	88	0.3	0	40	-1.5	0	13
2238	2025-10-18										2026-01-21	2026-01-21		2025-10-18	46458	88	1	1.8	37167	1.6	2	88	0.3	38011	40	-1.5	44305	14
2237	2025-10-17										2026-01-21	2026-01-21		2025-10-17	46458	88	1	1.8	37167	1.6	2	88	0.3	38011	40	-1.5	44305	15
2236	2025-10-16										2026-01-21	2026-01-21		2025-10-16	46458	88	1	1.8	37167	1.6	2	88	0.3	38011	40	-1.5	44305	16
2235	2025-10-15										2026-01-21	2026-01-21		2025-10-15	46458	88	1	1.8	37167	1.6	2	88	0.3	38011	40	-1.5	44305	17
2234	2025-10-14										2026-01-21	2026-01-21		2025-10-14	46458	88	1	1.8	37167	1.6	2	88	0.3	38011	40	-1.5	44305	18
2233	2025-10-13										2026-01-21	2026-01-21		2025-10-13	46458	88	1	1.8	37167	1.6	2	88	0.3	38011	40	-1.5	44305	19
2232	2025-10-12										2026-01-21	2026-01-21		2025-10-12	46458	88	1	1.8	37167	1.6	2	88	0.3	38011	40	-1.5	0	20
2231	2025-10-11										2026-01-21	2026-01-21		2025-10-11	46458	88	1	1.8	37167	1.6	2	88	0.3	38011	40	-1.5	44305	21
2230	2025-10-10										2026-01-21	2026-01-21		2025-10-10	46458	88	1	1.8	37167	1.6	2	88	0.3	38011	40	-1.5	44305	22
2229	2025-10-09										2026-01-21	2026-01-21		2025-10-09	46458	88	1	1.8	37167	1.6	2	88	0.3	38011	40	-1.5	44305	23
2228	2025-10-08										2026-01-21	2026-01-21		2025-10-08	46458	88	1	1.8	37167	1.6	2	88	0.3	38011	40	-1.5	44305	24
2227	2025-10-07										2026-01-21	2026-01-21		2025-10-07	46458	88	1	1.8	37167	1.6	2	88	0.3	38011	40	-1.5	44305	25
2226	2025-10-06										2026-01-21	2026-01-21		2025-10-06	46458	88	1	1.8	37167	1.6	2	88	0.3	38011	40	-1.5	44305	26
2225	2025-10-05										2026-01-21	2026-01-21		2025-10-05	46458	88	1	1.8	37167	1.6	2	88	0.3	38011	40	-1.5	0	27
2224	2025-10-04										2026-01-21	2026-01-21		2025-10-04	46458	88	1	1.8	37167	1.6	2	88	0.3	38011	40	-1.5	44305	28
2223	2025-10-03										2026-01-21	2026-01-21		2025-10-03	46458	88	1	1.8	37167	1.6	2	88	0.3	38011	40	-1.5	44305	29
2222	2025-10-02										2026-01-21	2026-01-21		2025-10-02	46458	88	1	1.8	37167	1.6	2	88	0.3	38011	40	-1.5	7368	30
2221	2025-10-01										2026-01-21	2026-01-21		2025-10-01	46458	88	1	1.8	37157	1.6	2	88	0.3	12670	40	-1.5	0	31
2220	2025-09-30										2026-01-21	2026-01-21		2025-09-30	46458	88	1	1.8	37167	1.6	2	88	0.3	38456	40	-1.5	44476	1
2219	2025-09-29										2026-01-21	2026-01-21		2025-09-29	46458	88	1	1.8	37167	1.6	2	88	0.3	38448	40	-1.5	44476	2
2218	2025-09-28										2026-01-21	2026-01-21		2025-09-28	46458	88	1	1.8	37167	1.6	2	88	0.3	38448	40	-1.5	44476	3
2217	2025-09-27										2026-01-21	2026-01-21		2025-09-27	46458	88	1	1.8	37167	1.6	2	88	0.3	38448	40	-1.5	44476	4
2216	2025-09-26										2026-01-21	2026-01-21		2025-09-26	46458	88	1	1.8	37167	1.6	2	88	0.3	38448	40	-1.5	44476	5
2215	2025-09-25										2026-01-21	2026-01-21		2025-09-25	46458	88	1	1.8	37167	1.6	2	88	0.3	38448	40	-1.5	44476	6
2214	2025-09-24										2026-01-21	2026-01-21		2025-09-24	46458	88	1	1.8	37167	1.6	2	88	0.3	38448	40	-1.5	44476	7
2213	2025-09-23										2026-01-21	2026-01-21		2025-09-23	46458	88	1	1.8	37167	1.6	2	88	0.3	38448	40	-1.5	44476	8
2212	2025-09-22										2026-01-21	2026-01-21		2025-09-22	46458	88	1	1.8	37167	1.6	2	88	0.3	38448	40	-1.5	44476	9
2211	2025-09-21										2026-01-21	2026-01-21		2025-09-21	46458	88	1	1.8	37167	1.6	2	88	0.3	38448	40	-1.5	0	10
2210	2025-09-20										2026-01-21	2026-01-21		2025-09-20	46458	88	1	1.8	37167	1.6	2	88	0.3	38448	40	-1.5	44476	11
2209	2025-09-19										2026-01-21	2026-01-21		2025-09-19	46458	88	1	1.8	37167	1.6	2	88	0.3	38448	40	-1.5	44476	12
2208	2025-09-18										2026-01-21	2026-01-21		2025-09-18	46458	88	1	1.8	37167	1.6	2	88	0.3	38448	40	-1.5	44476	13
2207	2025-09-17										2026-01-21	2026-01-21		2025-09-17	46458	88	1	1.8	37167	1.6	2	88	0.3	38448	40	-1.5	44476	14
2206	2025-09-16										2026-01-21	2026-01-21		2025-09-16	46458	88	1	1.8	37167	1.6	2	88	0.3	38448	40	-1.5	44476	15
2205	2025-09-15										2026-01-21	2026-01-21		2025-09-15	46458	88	1	1.8	37167	1.6	2	88	0.3	38448	40	-1.5	44476	16
2204	2025-09-14										2026-01-21	2026-01-21		2025-09-14	46458	88	1	1.8	37167	1.6	2	88	0.3	38448	40	-1.5	0	17
2203	2025-09-13										2026-01-21	2026-01-21		2025-09-13	46458	88	1	1.8	37167	1.6	2	88	0.3	38448	40	-1.5	44476	18
2202	2025-09-12										2026-01-21	2026-01-21		2025-09-12	46458	88	1	1.8	37167	1.6	2	88	0.3	38448	40	-1.5	44476	19
2201	2025-09-11										2026-01-21	2026-01-21		2025-09-11	46458	88	1	1.8	37167	1.6	2	88	0.3	38448	40	-1.5	44476	20
2200	2025-09-10										2026-01-21	2026-01-21		2025-09-10	46458	88	1	1.8	37167	1.6	2	88	0.3	38448	40	-1.5	44476	21
2199	2025-09-09										2026-01-21	2026-01-21		2025-09-09	46458	88	1	1.8	37167	1.6	2	88	0.3	38448	40	-1.5	44476	22
2198	2025-09-08										2026-01-21	2026-01-21		2025-09-08	46458	88	1	1.8	37167	1.6	2	88	0.3	38448	40	-1.5	44476	23
2197	2025-09-07										2026-01-21	2026-01-21		2025-09-07	46458	88	1	1.8	37167	1.6	2	88	0.3	38448	40	-1.5	0	24
2196	2025-09-06										2026-01-21	2026-01-21		2025-09-06	46458	88	1	1.8	37167	1.6	2	88	0.3	38448	40	-1.5	44476	25
2195	2025-09-05										2026-01-21	2026-01-21		2025-09-05	46458	88	1	1.8	37167	1.6	2	88	0.3	38448	40	-1.5	44476	26
2194	2025-09-04										2026-01-21	2026-01-21		2025-09-04	46458	88	1	1.8	37167	1.6	2	88	0.3	38448	40	-1.5	44476	27
2193	2025-09-03										2026-01-21	2026-01-21		2025-09-03	46458	88	1	1.8	37167	1.6	2	88	0.3	38448	40	-1.5	44476	28
2192	2025-09-02										2026-01-21	2026-01-21		2025-09-02	46458	88	1	1.8	37167	1.6	2	88	0.3	38448	40	-1.5	3100	29
2191	2025-09-01										2026-01-21	2026-01-21		2025-09-01	46458	88	1	1.8	37157	1.6	2	88	0.3	0	40	-1.5	0	30
2190	2025-08-31										2026-01-21	2026-01-21		2025-08-31	46780	88	1	1.8	37430	1.6	2	88	0.3	38667	40	-1.5	45447	1
2189	2025-08-30										2026-01-21	2026-01-21		2025-08-30	46774	88	1	1.8	37419	1.6	2	88	0.3	38667	40	-1.5	45447	2
2188	2025-08-29										2026-01-21	2026-01-21		2025-08-29	46774	88	1	1.8	37419	1.6	2	88	0.3	38667	40	-1.5	45447	3
2187	2025-08-28										2026-01-21	2026-01-21		2025-08-28	46774	88	1	1.8	37419	1.6	2	88	0.3	38667	40	-1.5	45447	4
2186	2025-08-27										2026-01-21	2026-01-21		2025-08-27	46774	88	1	1.8	37419	1.6	2	88	0.3	38667	40	-1.5	45447	5
2185	2025-08-26										2026-01-21	2026-01-21		2025-08-26	46774	88	1	1.8	37419	1.6	2	88	0.3	38667	40	-1.5	45447	6
2184	2025-08-25										2026-01-21	2026-01-21		2025-08-25	46774	88	1	1.8	37419	1.6	2	88	0.3	38667	40	-1.5	45447	7
2183	2025-08-24										2026-01-21	2026-01-21		2025-08-24	46774	88	1	1.8	37419	1.6	2	88	0.3	38667	40	-1.5	0	8
2182	2025-08-23										2026-01-21	2026-01-21		2025-08-23	46774	88	1	1.8	37419	1.6	2	88	0.3	38667	40	-1.5	45447	9
2181	2025-08-22										2026-01-21	2026-01-21		2025-08-22	46774	88	1	1.8	37419	1.6	2	88	0.3	38667	40	-1.5	45447	10
2180	2025-08-21										2026-01-21	2026-01-21		2025-08-21	46774	88	1	1.8	37419	1.6	2	88	0.3	38667	40	-1.5	45447	11
2179	2025-08-20										2026-01-21	2026-01-21		2025-08-20	46774	88	1	1.8	37419	1.6	2	88	0.3	38667	40	-1.5	45447	12
2178	2025-08-19										2026-01-21	2026-01-21		2025-08-19	46774	88	1	1.8	37419	1.6	2	88	0.3	38667	40	-1.5	45447	13
2177	2025-08-18										2026-01-21	2026-01-21		2025-08-18	46774	88	1	1.8	37419	1.6	2	88	0.3	38667	40	-1.5	45447	14
2176	2025-08-17										2026-01-21	2026-01-21		2025-08-17	46774	88	1	1.8	37419	1.6	2	88	0.3	38667	40	-1.5	0	15
2175	2025-08-16										2026-01-21	2026-01-21		2025-08-16	46774	88	1	1.8	37419	1.6	2	88	0.3	38667	40	-1.5	45447	16
2174	2025-08-15										2026-01-21	2026-01-21		2025-08-15	46774	88	1	1.8	37419	1.6	2	88	0.3	38667	40	-1.5	45447	17
2173	2025-08-14										2026-01-21	2026-01-21		2025-08-14	46774	88	1	1.8	37419	1.6	2	88	0.3	38667	40	-1.5	45447	18
2172	2025-08-13										2026-01-21	2026-01-21		2025-08-13	46774	88	1	1.8	37419	1.6	2	88	0.3	38667	40	-1.5	45447	19
2171	2025-08-12										2026-01-21	2026-01-21		2025-08-12	46774	88	1	1.8	37419	1.6	2	88	0.3	38667	40	-1.5	45447	20
2170	2025-08-11										2026-01-21	2026-01-21		2025-08-11	46774	88	1	1.8	37419	1.6	2	88	0.3	38667	40	-1.5	45447	21
2169	2025-08-10										2026-01-21	2026-01-21		2025-08-10	46774	88	1	1.8	37419	1.6	2	88	0.3	38667	40	-1.5	0	22
2168	2025-08-09										2026-01-21	2026-01-21		2025-08-09	46774	88	1	1.8	37419	1.6	2	88	0.3	38667	40	-1.5	45447	23
2167	2025-08-08										2026-01-21	2026-01-21		2025-08-08	46774	88	1	1.8	37419	1.6	2	88	0.3	38667	40	-1.5	45447	24
2166	2025-08-07										2026-01-21	2026-01-21		2025-08-07	46774	88	1	1.8	37419	1.6	2	88	0.3	38667	40	-1.5	45447	25
2165	2025-08-06										2026-01-21	2026-01-21		2025-08-06	46774	88	1	1.8	37419	1.6	2	88	0.3	38667	40	-1.5	45447	26
2164	2025-08-05										2026-01-21	2026-01-21		2025-08-05	46774	88	1	1.8	37419	1.6	2	88	0.3	38667	40	-1.5	45447	27
2163	2025-08-04										2026-01-21	2026-01-21		2025-08-04	46774	88	1	1.8	37419	1.6	2	88	0.3	38667	40	-1.5	45447	28
2162	2025-08-03										2026-01-21	2026-01-21		2025-08-03	46774	88	1	1.8	37419	1.6	2	88	0.3	38667	40	-1.5	0	29
2161	2025-08-02										2026-01-21	2026-01-21		2025-08-02	46774	88	1	1.8	37419	1.6	2	88	0.3	25778	40	-1.5	23825	30
2160	2025-08-01										2026-01-21	2026-01-21		2025-08-01	46774	88	1	1.8	37419	1.6	2	88	0.3	12879	40	-1.5	0	31
2159	2025-07-31										2026-01-21	2026-01-21		2025-07-31	46774.19	88	1	1.8	37419.35	1.6	2	85	0.3	39545	42	-1.5	46158	1
2158	2025-07-30										2026-01-21	2026-01-21		2025-07-30	46774.19	88	1	1.8	37419.35	1.6	2	85	0.3	39545	42	-1.5	46158	2
2157	2025-07-29										2026-01-21	2026-01-21		2025-07-29	46774.19	88	1	1.8	37419.35	1.6	2	85	0.3	39545	42	-1.5	46158	3
2156	2025-07-28										2026-01-21	2026-01-21		2025-07-28	46774.19	88	1	1.8	37419.35	1.6	2	85	0.3	39545	42	-1.5	46158	4
2155	2025-07-27										2026-01-21	2026-01-21		2025-07-27	46774.19	88	1	1.8	37419.35	1.6	2	85	0.3	39545	42	-1.5	0	5
2154	2025-07-26										2026-01-21	2026-01-21		2025-07-26	46774.19	88	1	1.8	37419.35	1.6	2	85	0.3	39545	42	-1.5	46158	6
2153	2025-07-25										2026-01-21	2026-01-21		2025-07-25	46774.19	88	1	1.8	37419.35	1.6	2	85	0.3	39545	42	-1.5	46158	7
2152	2025-07-24										2026-01-21	2026-01-21		2025-07-24	46774.19	88	1	1.8	37419.35	1.6	2	85	0.3	39545	42	-1.5	46158	8
2151	2025-07-23										2026-01-21	2026-01-21		2025-07-23	46774.19	88	1	1.8	37419.35	1.6	2	85	0.3	39545	42	-1.5	46158	9
2150	2025-07-22										2026-01-21	2026-01-21		2025-07-22	46774.19	88	1	1.8	37419.35	1.6	2	85	0.3	39545	42	-1.5	46158	10
2149	2025-07-21										2026-01-21	2026-01-21		2025-07-21	46774.19	88	1	1.8	37419.35	1.6	2	85	0.3	39545	42	-1.5	46158	11
2148	2025-07-20										2026-01-21	2026-01-21		2025-07-20	46774.19	88	1	1.8	37419.35	1.6	2	85	0.3	39545	42	-1.5	0	12
2147	2025-07-19										2026-01-21	2026-01-21		2025-07-19	46774.19	88	1	1.8	37419.35	1.6	2	85	0.3	39545	42	-1.5	46158	13
2146	2025-07-18										2026-01-21	2026-01-21		2025-07-18	46774.19	88	1	1.8	37419.35	1.6	2	85	0.3	39545	42	-1.5	46158	14
2145	2025-07-17										2026-01-21	2026-01-21		2025-07-17	46774.19	88	1	1.8	37419.35	1.6	2	85	0.3	39545	42	-1.5	46158	15
2144	2025-07-16										2026-01-21	2026-01-21		2025-07-16	46774.19	88	1	1.8	37419.35	1.6	2	85	0.3	39545	42	-1.5	46158	16
2143	2025-07-15										2026-01-21	2026-01-21		2025-07-15	46774.19	88	1	1.8	37419.35	1.6	2	85	0.3	39545	42	-1.5	46158	17
2142	2025-07-14										2026-01-21	2026-01-21		2025-07-14	46774.19	88	1	1.8	37419.35	1.6	2	85	0.3	39545	42	-1.5	46158	18
2141	2025-07-13										2026-01-21	2026-01-21		2025-07-13	46774.19	88	1	1.8	37419.35	1.6	2	85	0.3	39545	42	-1.5	0	19
2140	2025-07-12										2026-01-21	2026-01-21		2025-07-12	46774.19	88	1	1.8	37419.35	1.6	2	85	0.3	39545	42	-1.5	46158	20
2139	2025-07-11										2026-01-21	2026-01-21		2025-07-11	46774.19	88	1	1.8	37419.35	1.6	2	85	0.3	39545	42	-1.5	46158	21
2138	2025-07-10										2026-01-21	2026-01-21		2025-07-10	46774.19	88	1	1.8	37419.35	1.6	2	85	0.3	39545	42	-1.5	46158	22
2137	2025-07-09										2026-01-21	2026-01-21		2025-07-09	46774.19	88	1	1.8	37419.35	1.6	2	85	0.3	39545	42	-1.5	46158	23
2136	2025-07-08										2026-01-21	2026-01-21		2025-07-08	46774.19	88	1	1.8	37419.35	1.6	2	85	0.3	39545	42	-1.5	46158	24
2135	2025-07-07										2026-01-21	2026-01-21		2025-07-07	46774.19	88	1	1.8	37419.35	1.6	2	85	0.3	39545	42	-1.5	46158	25
2134	2025-07-06										2026-01-21	2026-01-21		2025-07-06	46774.19	88	1	1.8	37419.35	1.6	2	85	0.3	39545	42	-1.5	0	26
2133	2025-07-05										2026-01-21	2026-01-21		2025-07-05	46774.19	88	1	1.8	37419.35	1.6	2	85	0.3	39545	42	-1.5	46158	27
2132	2025-07-04										2026-01-21	2026-01-21		2025-07-04	46774.19	88	1	1.8	37419.35	1.6	2	85	0.3	39545	42	-1.5	46158	28
2131	2025-07-03										2026-01-21	2026-01-21		2025-07-03	46774.19	88	1	1.8	37419.35	1.6	2	85	0.3	39545	42	-1.5	46158	29
2130	2025-07-02										2026-01-21	2026-01-21		2025-07-02	46774.19	88	1	1.8	37419.35	1.6	2	85	0.3	13195	42	-1.5	6050	30
2129	2025-07-01										2026-01-21	2026-01-21		2025-07-01	46774.19	88	1	1.8	37419.35	1.6	2	85	0.3	0	42	-1.5	0	31
2128	2025-06-30										2026-01-21	2026-01-21		2025-06-30	47500	88	1	1.8	38000	1.6	2	88	0.3	41205	40	-1.5	52850	1
2127	2025-06-29										2026-01-21	2026-01-21		2025-06-29	47500	88	1	1.8	38000	1.6	2	88	0.3	41205	40	-1.5	43486	2
2126	2025-06-28										2026-01-21	2026-01-21		2025-06-28	47500	88	1	1.8	38000	1.6	2	88	0.3	41205	40	-1.5	43486	3
2125	2025-06-27										2026-01-21	2026-01-21		2025-06-27	47500	88	1	1.8	38000	1.6	2	88	0.3	41205	40	-1.5	43486	4
2124	2025-06-26										2026-01-21	2026-01-21		2025-06-26	47500	88	1	1.8	38000	1.6	2	88	0.3	41205	40	-1.5	43486	5
2123	2025-06-25										2026-01-21	2026-01-21		2025-06-25	47500	88	1	1.8	38000	1.6	2	88	0.3	41205	40	-1.5	43486	6
2122	2025-06-24										2026-01-21	2026-01-21		2025-06-24	47500	88	1	1.8	38000	1.6	2	88	0.3	41205	40	-1.5	43486	7
2121	2025-06-23										2026-01-21	2026-01-21		2025-06-23	47500	88	1	1.8	38000	1.6	2	88	0.3	41205	40	-1.5	43486	8
2120	2025-06-22										2026-01-21	2026-01-21		2025-06-22	47500	88	1	1.8	38000	1.6	2	88	0.3	41205	40	-1.5	0	9
2119	2025-06-21										2026-01-21	2026-01-21		2025-06-21	47500	88	1	1.8	38000	1.6	2	88	0.3	41205	40	-1.5	43486	10
2118	2025-06-20										2026-01-21	2026-01-21		2025-06-20	47500	88	1	1.8	38000	1.6	2	88	0.3	41205	40	-1.5	43486	11
2117	2025-06-19										2026-01-21	2026-01-21		2025-06-19	47500	88	1	1.8	38000	1.6	2	88	0.3	41205	40	-1.5	43486	12
2116	2025-06-18										2026-01-21	2026-01-21		2025-06-18	47500	88	1	1.8	38000	1.6	2	88	0.3	41205	40	-1.5	43486	13
2115	2025-06-17										2026-01-21	2026-01-21		2025-06-17	47500	88	1	1.8	38000	1.6	2	88	0.3	41205	40	-1.5	43486	14
2114	2025-06-16										2026-01-21	2026-01-21		2025-06-16	47500	88	1	1.8	38000	1.6	2	88	0.3	41205	40	-1.5	43486	15
2113	2025-06-15										2026-01-21	2026-01-21		2025-06-15	47500	88	1	1.8	38000	1.6	2	88	0.3	41205	40	-1.5	0	16
2112	2025-06-14										2026-01-21	2026-01-21		2025-06-14	47500	88	1	1.8	38000	1.6	2	88	0.3	41205	40	-1.5	43486	17
2111	2025-06-13										2026-01-21	2026-01-21		2025-06-13	47500	88	1	1.8	38000	1.6	2	88	0.3	41205	40	-1.5	43486	18
2110	2025-06-12										2026-01-21	2026-01-21		2025-06-12	47500	88	1	1.8	38000	1.6	2	88	0.3	41205	40	-1.5	43486	19
2109	2025-06-11										2026-01-21	2026-01-21		2025-06-11	47500	88	1	1.8	38000	1.6	2	88	0.3	41205	40	-1.5	43486	20
2108	2025-06-10										2026-01-21	2026-01-21		2025-06-10	47500	88	1	1.8	38000	1.6	2	88	0.3	41205	40	-1.5	43486	21
2107	2025-06-09										2026-01-21	2026-01-21		2025-06-09	47500	88	1	1.8	38000	1.6	2	88	0.3	41205	40	-1.5	43486	22
2106	2025-06-08										2026-01-21	2026-01-21		2025-06-08	47500	88	1	1.8	38000	1.6	2	88	0.3	41205	40	-1.5	0	23
2105	2025-06-07										2026-01-21	2026-01-21		2025-06-07	47500	88	1	1.8	38000	1.6	2	88	0.3	41205	40	-1.5	43486	24
2104	2025-06-06										2026-01-21	2026-01-21		2025-06-06	47500	88	1	1.8	38000	1.6	2	88	0.3	41205	40	-1.5	43486	25
2103	2025-06-05										2026-01-21	2026-01-21		2025-06-05	47500	88	1	1.8	38000	1.6	2	88	0.3	41205	40	-1.5	43486	26
2102	2025-06-04										2026-01-21	2026-01-21		2025-06-04	47500	88	1	1.8	38000	1.6	2	88	0.3	41205	40	-1.5	43486	27
2101	2025-06-03										2026-01-21	2026-01-21		2025-06-03	47500	88	1	1.8	38000	1.6	2	88	0.3	27465	40	-1.5	43486	28
2100	2025-06-02										2026-01-21	2026-01-21		2025-06-02	47500	88	1	1.8	38000	1.6	2	88	0.3	0	40	-1.5	43486	29
2099	2025-06-01										2026-01-21	2026-01-21		2025-06-01	47500	88	1	1.8	38000	1.6	2	88	0.3	0	40	-1.5	0	30
2098	2025-05-31										2026-01-21	2026-01-21		2025-05-31	46458	88	1	1.8	37167	1.6	2	88	0.3	38011	40	-1.5	44600	1
2097	2025-05-30										2026-01-21	2026-01-21		2025-05-30	46458	88	1	1.8	37167	1.6	2	88	0.3	38011	40	-1.5	44600	2
2096	2025-05-29										2026-01-21	2026-01-21		2025-05-29	46458	88	1	1.8	37167	1.6	2	88	0.3	38011	40	-1.5	44600	3
2095	2025-05-28										2026-01-21	2026-01-21		2025-05-28	46458	88	1	1.8	37167	1.6	2	88	0.3	38011	40	-1.5	44600	4
2094	2025-05-27										2026-01-21	2026-01-21		2025-05-27	46458	88	1	1.8	37167	1.6	2	88	0.3	38011	40	-1.5	44600	5
2093	2025-05-26										2026-01-21	2026-01-21		2025-05-26	46458	88	1	1.8	37167	1.6	2	88	0.3	38011	40	-1.5	44600	6
2092	2025-05-25										2026-01-21	2026-01-21		2025-05-25	46458	88	1	1.8	37167	1.6	2	88	0.3	38011	40	-1.5	0	7
2091	2025-05-24										2026-01-21	2026-01-21		2025-05-24	46458	88	1	1.8	37167	1.6	2	88	0.3	38011	40	-1.5	44600	8
2090	2025-05-23										2026-01-21	2026-01-21		2025-05-23	46458	88	1	1.8	37167	1.6	2	88	0.3	38011	40	-1.5	44600	9
2089	2025-05-22										2026-01-21	2026-01-21		2025-05-22	46458	88	1	1.8	37167	1.6	2	88	0.3	38011	40	-1.5	44600	10
2088	2025-05-21										2026-01-21	2026-01-21		2025-05-21	46458	88	1	1.8	37167	1.6	2	88	0.3	38011	40	-1.5	44600	11
2087	2025-05-20										2026-01-21	2026-01-21		2025-05-20	46458	88	1	1.8	37167	1.6	2	88	0.3	38011	40	-1.5	44600	12
2086	2025-05-19										2026-01-21	2026-01-21		2025-05-19	46458	88	1	1.8	37167	1.6	2	88	0.3	38011	40	-1.5	44600	13
2085	2025-05-18										2026-01-21	2026-01-21		2025-05-18	46458	88	1	1.8	37167	1.6	2	88	0.3	38011	40	-1.5	0	14
2084	2025-05-17										2026-01-21	2026-01-21		2025-05-17	46458	88	1	1.8	37167	1.6	2	88	0.3	38011	40	-1.5	44600	15
2083	2025-05-16										2026-01-21	2026-01-21		2025-05-16	46458	88	1	1.8	37167	1.6	2	88	0.3	38011	40	-1.5	44600	16
2082	2025-05-15										2026-01-21	2026-01-21		2025-05-15	46458	88	1	1.8	37167	1.6	2	88	0.3	38011	40	-1.5	44600	17
2081	2025-05-14										2026-01-21	2026-01-21		2025-05-14	46458	88	1	1.8	37167	1.6	2	88	0.3	38011	40	-1.5	44600	18
2080	2025-05-13										2026-01-21	2026-01-21		2025-05-13	46458	88	1	1.8	37167	1.6	2	88	0.3	38011	40	-1.5	44600	19
2079	2025-05-12										2026-01-21	2026-01-21		2025-05-12	46458	88	1	1.8	37167	1.6	2	88	0.3	38011	40	-1.5	44600	20
2078	2025-05-11										2026-01-21	2026-01-21		2025-05-11	46458	88	1	1.8	37167	1.6	2	88	0.3	38011	40	-1.5	0	21
2077	2025-05-10										2026-01-21	2026-01-21		2025-05-10	46458	88	1	1.8	37167	1.6	2	88	0.3	38011	40	-1.5	44600	22
2076	2025-05-09										2026-01-21	2026-01-21		2025-05-09	46458	88	1	1.8	37167	1.6	2	88	0.3	38011	40	-1.5	44600	23
2075	2025-05-08										2026-01-21	2026-01-21		2025-05-08	46458	88	1	1.8	37167	1.6	2	88	0.3	38011	40	-1.5	44600	24
2074	2025-05-07										2026-01-21	2026-01-21		2025-05-07	46458	88	1	1.8	37167	1.6	2	88	0.3	38011	40	-1.5	44600	25
2073	2025-05-06										2026-01-21	2026-01-21		2025-05-06	46458	88	1	1.8	37167	1.6	2	88	0.3	38011	40	-1.5	44600	26
2072	2025-05-05										2026-01-21	2026-01-21		2025-05-05	46458	88	1	1.8	37167	1.6	2	88	0.3	38011	40	-1.5	44600	27
2071	2025-05-04										2026-01-21	2026-01-21		2025-05-04	46458	88	1	1.8	37167	1.6	2	88	0.3	38011	40	-1.5	0	28
2070	2025-05-03										2026-01-21	2026-01-21		2025-05-03	46458	88	1	1.8	37167	1.6	2	88	0.3	38011	40	-1.5	0	29
2069	2025-05-02										2026-01-21	2026-01-21		2025-05-02	46468	88	1	1.8	37157	1.6	2	88	0.3	12681	40	-1.5	44600	30
2068	2025-05-01										2026-01-21	2026-01-21		2025-05-01	0	0	0	0	0	0	0	0	0	0	0	0	0	31
2067	2025-04-30										2026-01-21	2026-01-21		2025-04-30	45690	88	1	1.8	36552	1.6	2	88	0.3	37412	40	-1.5	44167	1
2066	2025-04-29										2026-01-21	2026-01-21		2025-04-29	45690	88	1	1.8	36552	1.6	2	88	0.3	37412	40	-1.5	44167	2
2065	2025-04-28										2026-01-21	2026-01-21		2025-04-28	45690	88	1	1.8	36552	1.6	2	88	0.3	37412	40	-1.5	44167	3
2064	2025-04-27										2026-01-21	2026-01-21		2025-04-27	45690	88	1	1.8	36552	1.6	2	88	0.3	37412	40	-1.5	0	4
2063	2025-04-26										2026-01-21	2026-01-21		2025-04-26	45690	88	1	1.8	36552	1.6	2	88	0.3	37412	40	-1.5	44167	5
2062	2025-04-25										2026-01-21	2026-01-21		2025-04-25	45690	88	1	1.8	36552	1.6	2	88	0.3	37412	40	-1.5	44167	6
2061	2025-04-24										2026-01-21	2026-01-21		2025-04-24	45690	88	1	1.8	36552	1.6	2	88	0.3	37412	40	-1.5	44167	7
2060	2025-04-23										2026-01-21	2026-01-21		2025-04-23	45690	88	1	1.8	36552	1.6	2	88	0.3	37412	40	-1.5	44167	8
2059	2025-04-22										2026-01-21	2026-01-21		2025-04-22	45690	88	1	1.8	36552	1.6	2	88	0.3	37412	40	-1.5	44167	9
2058	2025-04-21										2026-01-21	2026-01-21		2025-04-21	45690	88	1	1.8	36552	1.6	2	88	0.3	37412	40	-1.5	44167	10
2057	2025-04-20										2026-01-21	2026-01-21		2025-04-20	45690	88	1	1.8	36552	1.6	2	88	0.3	37412	40	-1.5	0	11
2056	2025-04-19										2026-01-21	2026-01-21		2025-04-19	45690	88	1	1.8	36544	1.6	2	88	0.3	37412	40	-1.5	44167	12
2055	2025-04-18										2026-01-21	2026-01-21		2025-04-18	0	0	0	0	0	0	0	0	0	0	0	0	0	0
2054	2025-04-17										2026-01-21	2026-01-21		2025-04-17	45690	88	1	1.8	36552	1.6	2	88	0.3	37412	40	-1.5	44167	14
2053	2025-04-16										2026-01-21	2026-01-21		2025-04-16	45690	88	1	1.8	36552	1.6	2	88	0.3	37412	40	-1.5	44167	15
2052	2025-04-15										2026-01-21	2026-01-21		2025-04-15	45690	88	1	1.8	36552	1.6	2	88	0.3	37412	40	-1.5	44167	16
2051	2025-04-14										2026-01-21	2026-01-21		2025-04-14	45690	88	1	1.8	36552	1.6	2	88	0.3	37412	40	-1.5	44167	17
2050	2025-04-13										2026-01-21	2026-01-21		2025-04-13	45690	88	1	1.8	36552	1.6	2	88	0.3	37412	40	-1.5	0	18
2049	2025-04-12										2026-01-21	2026-01-21		2025-04-12	45690	88	1	1.8	36552	1.6	2	88	0.3	37412	40	-1.5	44167	19
2048	2025-04-11										2026-01-21	2026-01-21		2025-04-11	45690	88	1	1.8	36552	1.6	2	88	0.3	37412	40	-1.5	44167	20
2047	2025-04-10										2026-01-21	2026-01-21		2025-04-10	45690	88	1	1.8	36552	1.6	2	88	0.3	37412	40	-1.5	44167	21
2046	2025-04-09										2026-01-21	2026-01-21		2025-04-09	45690	88	1	1.8	36552	1.6	2	88	0.3	37412	40	-1.5	44167	22
2045	2025-04-08										2026-01-21	2026-01-21		2025-04-08	45690	88	1	1.8	36552	1.6	2	88	0.3	37412	40	-1.5	44167	23
2044	2025-04-07										2026-01-21	2026-01-21		2025-04-07	45690	88	1	1.8	36552	1.6	2	88	0.3	37412	40	-1.5	44167	24
2043	2025-04-06										2026-01-21	2026-01-21		2025-04-06	45690	88	1	1.8	36552	1.6	2	88	0.3	37412	40	-1.5	0	25
2042	2025-04-05										2026-01-21	2026-01-21		2025-04-05	45690	88	1	1.8	36552	1.6	2	88	0.3	37412	40	-1.5	44167	26
2041	2025-04-04										2026-01-21	2026-01-21		2025-04-04	45690	88	1	1.8	36552	1.6	2	88	0.3	37412	40	-1.5	44167	27
2040	2025-04-03										2026-01-21	2026-01-21		2025-04-03	45690	88	1	1.8	36552	1.6	2	88	0.3	24941	40	-1.5	44167	28
2039	2025-04-02										2026-01-21	2026-01-21		2025-04-02	45690	88	1	1.8	36552	1.6	2	88	0.3	37412	40	-1.5	44159	29
2038	2025-04-01										2026-01-21	2026-01-21		2025-04-01	45680	88	1	1.8	36552	1.6	2	88	0.3	24935	40	-1.5	0	30
2037	2025-03-31										2026-01-21	2026-01-21		2025-03-31	45565	88	1	1.8	36452	1.6	2	88	0.3	37667	40	-1.5	43462	1
2036	2025-03-30										2026-01-21	2026-01-21		2025-03-30	45565	88	1	1.8	36452	1.6	2	88	0.3	37667	40	-1.5	43462	2
2035	2025-03-29										2026-01-21	2026-01-21		2025-03-29	45565	88	1	1.8	36452	1.6	2	88	0.3	37667	40	-1.5	43462	3
2034	2025-03-28										2026-01-21	2026-01-21		2025-03-28	45565	88	1	1.8	36452	1.6	2	88	0.3	37667	40	-1.5	43462	4
2033	2025-03-27										2026-01-21	2026-01-21		2025-03-27	45565	88	1	1.8	36452	1.6	2	88	0.3	37667	40	-1.5	43462	5
2032	2025-03-26										2026-01-21	2026-01-21		2025-03-26	45565	88	1	1.8	36452	1.6	2	88	0.3	37667	40	-1.5	43462	6
2031	2025-03-25										2026-01-21	2026-01-21		2025-03-25	45565	88	1	1.8	36452	1.6	2	88	0.3	37667	40	-1.5	43462	7
2030	2025-03-24										2026-01-21	2026-01-21		2025-03-24	45565	88	1	1.8	36452	1.6	2	88	0.3	37667	40	-1.5	43462	8
2029	2025-03-23										2026-01-21	2026-01-21		2025-03-23	45565	88	1	1.8	36452	1.6	2	88	0.3	37667	40	-1.5	0	9
2028	2025-03-22										2026-01-21	2026-01-21		2025-03-22	45565	88	1	1.8	36452	1.6	2	88	0.3	37667	40	-1.5	43462	10
2027	2025-03-21										2026-01-21	2026-01-21		2025-03-21	45565	88	1	1.8	36452	1.6	2	88	0.3	37667	40	-1.5	43462	11
2026	2025-03-20										2026-01-21	2026-01-21		2025-03-20	45565	88	1	1.8	36452	1.6	2	88	0.3	37667	40	-1.5	43462	12
2025	2025-03-19										2026-01-21	2026-01-21		2025-03-19	45565	88	1	1.8	36452	1.6	2	88	0.3	37667	40	-1.5	43462	13
2024	2025-03-18										2026-01-21	2026-01-21		2025-03-18	45565	88	1	1.8	36452	1.6	2	88	0.3	37667	40	-1.5	43462	14
2023	2025-03-17										2026-01-21	2026-01-21		2025-03-17	45565	88	1	1.8	36452	1.6	2	88	0.3	37667	40	-1.5	43462	15
2022	2025-03-16										2026-01-21	2026-01-21		2025-03-16	45565	88	1	1.8	36452	1.6	2	88	0.3	37667	40	-1.5	0	16
2021	2025-03-15										2026-01-21	2026-01-21		2025-03-15	45565	88	1	1.8	36452	1.6	2	88	0.3	37667	40	-1.5	43462	17
2020	2025-03-14										2026-01-21	2026-01-21		2025-03-14	45565	88	1	1.8	36452	1.6	2	88	0.3	37667	40	-1.5	43462	18
2019	2025-03-13										2026-01-21	2026-01-21		2025-03-13	45565	88	1	1.8	36452	1.6	2	88	0.3	37667	40	-1.5	43462	19
2018	2025-03-12										2026-01-21	2026-01-21		2025-03-12	45565	88	1	1.8	36452	1.6	2	88	0.3	37667	40	-1.5	43462	20
2017	2025-03-11										2026-01-21	2026-01-21		2025-03-11	45565	88	1	1.8	36452	1.6	2	88	0.3	37667	40	-1.5	43462	21
2016	2025-03-10										2026-01-21	2026-01-21		2025-03-10	45565	88	1	1.8	36452	1.6	2	88	0.3	37667	40	-1.5	43462	22
2015	2025-03-09										2026-01-21	2026-01-21		2025-03-09	45565	88	1	1.8	36452	1.6	2	88	0.3	37667	40	-1.5	0	23
2014	2025-03-08										2026-01-21	2026-01-21		2025-03-08	45565	88	1	1.8	36452	1.6	2	88	0.3	37667	40	-1.5	43462	24
2013	2025-03-07										2026-01-21	2026-01-21		2025-03-07	45565	88	1	1.8	36452	1.6	2	88	0.3	37667	40	-1.5	43462	25
2012	2025-03-06										2026-01-21	2026-01-21		2025-03-06	45565	88	1	1.8	36452	1.6	2	88	0.3	37667	40	-1.5	43462	26
2011	2025-03-05										2026-01-21	2026-01-21		2025-03-05	45565	88	1	1.8	36452	1.6	2	88	0.3	37667	40	-1.5	43462	27
2010	2025-03-04										2026-01-21	2026-01-21		2025-03-04	45565	88	1	1.8	36452	1.6	2	88	0.3	37667	40	-1.5	43462	28
2009	2025-03-03										2026-01-21	2026-01-21		2025-03-03	45565	88	1	1.8	36452	1.6	2	88	0.3	25111	40	-1.5	43450	29
2008	2025-03-02										2026-01-21	2026-01-21		2025-03-02	45565	88	1	1.8	36452	1.6	2	88	0.3	37667	40	-1.5	0	30
2007	2025-03-01										2026-01-21	2026-01-21		2025-03-01	45560	88	1	1.8	36440	1.6	2	88	0.3	12546	40	-1.5	0	31
2006	2025-02-28										2026-01-21	2026-01-21		2025-02-28	46429	88	1	1.8	37143	1.6	2	88	0.3	38519	40	-1.5	45226	1
2005	2025-02-27										2026-01-21	2026-01-21		2025-02-27	46429	88	1	1.8	37143	1.6	2	88	0.3	38519	40	-1.5	45217	2
2004	2025-02-26										2026-01-21	2026-01-21		2025-02-26	46429	88	1	1.8	37143	1.6	2	88	0.3	38519	40	-1.5	45217	3
2003	2025-02-25										2026-01-21	2026-01-21		2025-02-25	46429	88	1	1.8	37143	1.6	2	88	0.3	38519	40	-1.5	45217	4
2002	2025-02-24										2026-01-21	2026-01-21		2025-02-24	46429	88	1	1.8	37143	1.6	2	88	0.3	38519	40	-1.5	45217	5
2001	2025-02-23										2026-01-21	2026-01-21		2025-02-23	46429	88	1	1.8	37143	1.6	2	88	0.3	38519	40	-1.5	0	6
2000	2025-02-22										2026-01-21	2026-01-21		2025-02-22	46429	88	1	1.8	37143	1.6	2	88	0.3	38519	40	-1.5	45217	7
1999	2025-02-21										2026-01-21	2026-01-21		2025-02-21	46429	88	1	1.8	37143	1.6	2	88	0.3	38519	40	-1.5	45217	8
1998	2025-02-20										2026-01-21	2026-01-21		2025-02-20	46429	88	1	1.8	37143	1.6	2	88	0.3	38519	40	-1.5	45217	9
1997	2025-02-19										2026-01-21	2026-01-21		2025-02-19	46429	88	1	1.8	37143	1.6	2	88	0.3	38519	40	-1.5	45217	10
1996	2025-02-18										2026-01-21	2026-01-21		2025-02-18	46429	88	1	1.8	37143	1.6	2	88	0.3	38519	40	-1.5	45217	11
1995	2025-02-17										2026-01-21	2026-01-21		2025-02-17	46429	88	1	1.8	37143	1.6	2	88	0.3	38519	40	-1.5	45217	12
1994	2025-02-16										2026-01-21	2026-01-21		2025-02-16	46429	88	1	1.8	37143	1.6	2	88	0.3	38519	40	-1.5	0	13
1993	2025-02-15										2026-01-21	2026-01-21		2025-02-15	46429	88	1	1.8	37143	1.6	2	88	0.3	38519	40	-1.5	45217	14
1992	2025-02-14										2026-01-21	2026-01-21		2025-02-14	46429	88	1	1.8	37143	1.6	2	88	0.3	38519	40	-1.5	45217	15
1991	2025-02-13										2026-01-21	2026-01-21		2025-02-13	46429	88	1	1.8	37143	1.6	2	88	0.3	38519	40	-1.5	45217	16
1990	2025-02-12										2026-01-21	2026-01-21		2025-02-12	46429	88	1	1.8	37143	1.6	2	88	0.3	38519	40	-1.5	45217	17
1989	2025-02-11										2026-01-21	2026-01-21		2025-02-11	46429	88	1	1.8	37143	1.6	2	88	0.3	38519	40	-1.5	45217	18
1988	2025-02-10										2026-01-21	2026-01-21		2025-02-10	46429	88	1	1.8	37143	1.6	2	88	0.3	38519	40	-1.5	45217	19
1987	2025-02-09										2026-01-21	2026-01-21		2025-02-09	46429	88	1	1.8	37143	1.6	2	88	0.3	38519	40	-1.5	0	20
1986	2025-02-08										2026-01-21	2026-01-21		2025-02-08	46429	88	1	1.8	37143	1.6	2	88	0.3	38519	40	-1.5	45217	21
1985	2025-02-07										2026-01-21	2026-01-21		2025-02-07	46429	88	1	1.8	37143	1.6	2	88	0.3	38519	40	-1.5	45217	22
1984	2025-02-06										2026-01-21	2026-01-21		2025-02-06	46429	88	1	1.8	37143	1.6	2	88	0.3	38519	40	-1.5	45217	23
1983	2025-02-05										2026-01-21	2026-01-21		2025-02-05	46429	88	1	1.8	37143	1.6	2	88	0.3	38519	40	-1.5	45217	24
1982	2025-02-04										2026-01-21	2026-01-21		2025-02-04	46429	88	1	1.8	37143	1.6	2	88	0.3	38519	40	-1.5	45217	25
1981	2025-02-03										2026-01-21	2026-01-21		2025-02-03	46429	88	1	1.8	37143	1.6	2	88	0.3	12480	40	-1.5	45217	26
1980	2025-02-02										2026-01-21	2026-01-21		2025-02-02	46429	88	1	1.8	37142	1.6	2	88	0.3	38519	40	-1.5	0	27
1979	2025-02-01										2026-01-21	2026-01-21		2025-02-01	46417	88	1	1.8	37140	1.6	2	88	0.3	26026	40	-1.5	0	28
1978	2025-01-31										2026-01-21	2026-01-21		2025-01-31	46711	88	1	1.8	37376	1.6	2	88	0.3	37376	40	-1.5	44375	1
1977	2025-01-30										2026-01-21	2026-01-21		2025-01-30	46711	88	1	1.8	37368	1.6	2	88	0.3	37368	40	-1.5	44375	2
1976	2025-01-29										2026-01-21	2026-01-21		2025-01-29	46711	88	1	1.8	37368	1.6	2	88	0.3	37368	40	-1.5	44375	3
1975	2025-01-28										2026-01-21	2026-01-21		2025-01-28	46711	88	1	1.8	37368	1.6	2	88	0.3	37368	40	-1.5	44375	4
1974	2025-01-27										2026-01-21	2026-01-21		2025-01-27	46711	88	1	1.8	37368	1.6	2	88	0.3	37368	40	-1.5	44375	5
1973	2025-01-26										2026-01-21	2026-01-21		2025-01-26	46711	88	1	1.8	37368	1.6	2	88	0.3	37368	40	-1.5	0	6
1972	2025-01-25										2026-01-21	2026-01-21		2025-01-25	46711	88	1	1.8	37368	1.6	2	88	0.3	37368	40	-1.5	44375	7
1971	2025-01-24										2026-01-21	2026-01-21		2025-01-24	46711	88	1	1.8	37368	1.6	2	88	0.3	37368	40	-1.5	44375	8
1970	2025-01-23										2026-01-21	2026-01-21		2025-01-23	46711	88	1	1.8	37368	1.6	2	88	0.3	37368	40	-1.5	44375	9
1969	2025-01-22										2026-01-21	2026-01-21		2025-01-22	46711	88	1	1.8	37368	1.6	2	88	0.3	37368	40	-1.5	44375	10
1968	2025-01-21										2026-01-21	2026-01-21		2025-01-21	46711	88	1	1.8	37368	1.6	2	88	0.3	37368	40	-1.5	44375	11
1967	2025-01-20										2026-01-21	2026-01-21		2025-01-20	46711	88	1	1.8	37368	1.6	2	88	0.3	37368	40	-1.5	44375	12
1966	2025-01-19										2026-01-21	2026-01-21		2025-01-19	46711	88	1	1.8	37368	1.6	2	88	0.3	37368	40	-1.5	0	13
1965	2025-01-18										2026-01-21	2026-01-21		2025-01-18	46711	88	1	1.8	37368	1.6	2	88	0.3	37368	40	-1.5	44375	14
1964	2025-01-17										2026-01-21	2026-01-21		2025-01-17	46711	88	1	1.8	37368	1.6	2	88	0.3	37368	40	-1.5	44375	15
1963	2025-01-16										2026-01-21	2026-01-21		2025-01-16	46711	88	1	1.8	37368	1.6	2	88	0.3	37368	40	-1.5	44375	16
1962	2025-01-15										2026-01-21	2026-01-21		2025-01-15	46711	88	1	1.8	37368	1.6	2	88	0.3	37368	40	-1.5	44375	17
1961	2025-01-14										2026-01-21	2026-01-21		2025-01-14	46711	88	1	1.8	37368	1.6	2	88	0.3	37368	40	-1.5	44375	18
1960	2025-01-13										2026-01-21	2026-01-21		2025-01-13	46702	88	1	1.8	37368	1.6	2	88	0.3	37368	40	-1.5	0	19
1959	2025-01-12										2026-01-21	2026-01-21		2025-01-12	0	0	0	0	0	0	0	0	0	0	0	0	0	20
1958	2025-01-11										2026-01-21	2026-01-21		2025-01-11	0	0	0	0	0	0	0	0	0	0	0	0	0	21
1957	2025-01-10										2026-01-21	2026-01-21		2025-01-10	0	0	0	0	0	0	0	0	0	0	0	0	0	22
1956	2025-01-09										2026-01-21	2026-01-21		2025-01-09	0	0	0	0	0	0	0	0	0	0	0	0	0	23
1955	2025-01-08										2026-01-21	2026-01-21		2025-01-08	0	0	0	0	0	0	0	0	0	0	0	0	0	24
1954	2025-01-07										2026-01-21	2026-01-21		2025-01-07	0	0	0	0	0	0	0	0	0	0	0	0	0	25
1953	2025-01-06										2026-01-21	2026-01-21		2025-01-06	0	0	0	0	0	0	0	0	0	0	0	0	0	26
1952	2025-01-05										2026-01-21	2026-01-21		2025-01-05	0	0	0	0	0	0	0	0	0	0	0	0	0	27
1951	2025-01-04										2026-01-21	2026-01-21		2025-01-04	0	0	0	0	0	0	0	0	0	0	0	0	0	28
1950	2025-01-03										2026-01-21	2026-01-21		2025-01-03	0	0	0	0	0	0	0	0	0	0	0	0	0	29
1949	2025-01-02										2026-01-21	2026-01-21		2025-01-02	0	0	0	0	0	0	0	0	0	0	0	0	0	30
1948	2025-01-01										2026-01-21	2026-01-21		2025-01-01	0	0	0	0	0	0	0	0	0	0	0	0	0	31
1947	2024-12-31										2026-01-21	2026-01-21		2024-12-31	0	0	0	0	0	0	0	0	0	0	0	0	0	1
1946	2024-12-30										2026-01-21	2026-01-21		2024-12-30	0	0	0	0	0	0	0	0	0	0	0	0	0	2
1945	2024-12-29										2026-01-21	2026-01-21		2024-12-29	0	0	0	0	0	0	0	0	0	0	0	0	0	3
1944	2024-12-28										2026-01-21	2026-01-21		2024-12-28	0	0	0	0	0	0	0	0	0	0	0	0	0	4
1943	2024-12-27										2026-01-21	2026-01-21		2024-12-27	0	0	0	0	0	0	0	0	0	0	0	0	0	5
1942	2024-12-26										2026-01-21	2026-01-21		2024-12-26	0	0	0	0	0	0	0	0	0	0	0	0	0	6
1941	2024-12-25										2026-01-21	2026-01-21		2024-12-25	0	0	0	0	0	0	0	0	0	0	0	0	0	7
1940	2024-12-24										2026-01-21	2026-01-21		2024-12-24	0	0	0	0	0	0	0	0	0	0	0	0	0	8
1939	2024-12-23										2026-01-21	2026-01-21		2024-12-23	0	0	0	0	0	0	0	0	0	0	0	0	0	9
1938	2024-12-22										2026-01-21	2026-01-21		2024-12-22	0	0	0	0	0	0	0	0	0	0	0	0	0	10
1937	2024-12-21										2026-01-21	2026-01-21		2024-12-21	46420	88	1	1.8	37140	1.6	2	88	0.3	38354	40	-1.5	43339	11
1936	2024-12-20										2026-01-21	2026-01-21		2024-12-20	46429	88	1	1.8	37143	1.6	2	88	0.3	38361	40	-1.5	43333	12
1935	2024-12-19										2026-01-21	2026-01-21		2024-12-19	46429	88	1	1.8	37143	1.6	2	88	0.3	38361	40	-1.5	43333	13
1934	2024-12-18										2026-01-21	2026-01-21		2024-12-18	46429	88	1	1.8	37143	1.6	2	88	0.3	38361	40	-1.5	43333	14
1933	2024-12-17										2026-01-21	2026-01-21		2024-12-17	46429	88	1	1.8	37143	1.6	2	88	0.3	38361	40	-1.5	43333	15
1932	2024-12-16										2026-01-21	2026-01-21		2024-12-16	46429	88	1	1.8	37143	1.6	2	88	0.3	38361	40	-1.5	43333	16
1931	2024-12-15										2026-01-21	2026-01-21		2024-12-15	46429	88	1	1.8	37143	1.6	2	88	0.3	38361	40	-1.5	0	17
1930	2024-12-14										2026-01-21	2026-01-21		2024-12-14	46429	88	1	1.8	37143	1.6	2	88	0.3	38361	40	-1.5	43333	18
1929	2024-12-13										2026-01-21	2026-01-21		2024-12-13	46429	88	1	1.8	37143	1.6	2	88	0.3	38361	40	-1.5	43333	19
1928	2024-12-12										2026-01-21	2026-01-21		2024-12-12	46429	88	1	1.8	37143	1.6	2	88	0.3	38361	40	-1.5	43333	20
1927	2024-12-11										2026-01-21	2026-01-21		2024-12-11	46429	88	1	1.8	37143	1.6	2	88	0.3	38361	40	-1.5	43333	21
1926	2024-12-10										2026-01-21	2026-01-21		2024-12-10	46429	88	1	1.8	37143	1.6	2	88	0.3	38361	40	-1.5	43333	22
1925	2024-12-09										2026-01-21	2026-01-21		2024-12-09	46429	88	1	1.8	37143	1.6	2	88	0.3	38361	40	-1.5	43333	23
1924	2024-12-08										2026-01-21	2026-01-21		2024-12-08	46429	88	1	1.8	37143	1.6	2	88	0.3	38361	40	-1.5	0	24
1923	2024-12-07										2026-01-21	2026-01-21		2024-12-07	46429	88	1	1.8	37143	1.6	2	88	0.3	38361	40	-1.5	43333	25
1922	2024-12-06										2026-01-21	2026-01-21		2024-12-06	46429	88	1	1.8	37143	1.6	2	88	0.3	38361	40	-1.5	43333	26
1921	2024-12-05										2026-01-21	2026-01-21		2024-12-05	46429	88	1	1.8	37143	1.6	2	88	0.3	38361	40	-1.5	43333	27
1920	2024-12-04										2026-01-21	2026-01-21		2024-12-04	46429	88	1	1.8	37143	1.6	2	88	0.3	38361	40	-1.5	43333	28
1919	2024-12-03										2026-01-21	2026-01-21		2024-12-03	46429	88	1	1.8	37143	1.6	2	88	0.3	38361	40	-1.5	43333	29
1918	2024-12-02										2026-01-21	2026-01-21		2024-12-02	46429	88	1	1.8	37143	1.6	2	88	0.3	25574	40	-1.5	43333	30
1917	2024-12-01										2026-01-21	2026-01-21		2024-12-01	46429	88	1	1.8	37143	1.6	2	88	0.3	25574	40	-1.5	0	31
1916	2024-11-30										2026-01-21	2026-01-21		2024-11-30	46468	88	1	1.8	37167	1.6	2	88	0.3	38022	40	-1.5	46466	1
1915	2024-11-29										2026-01-21	2026-01-21		2024-11-29	46458	88	1	1.8	37167	1.6	2	88	0.3	38011	40	-1.5	46458	2
1914	2024-11-28										2026-01-21	2026-01-21		2024-11-28	46458	88	1	1.8	37167	1.6	2	88	0.3	38011	40	-1.5	46458	3
1913	2024-11-27										2026-01-21	2026-01-21		2024-11-27	46458	88	1	1.8	37167	1.6	2	88	0.3	38011	40	-1.5	46458	4
1912	2024-11-26										2026-01-21	2026-01-21		2024-11-26	46458	88	1	1.8	37167	1.6	2	88	0.3	38011	40	-1.5	46458	5
1911	2024-11-25										2026-01-21	2026-01-21		2024-11-25	46458	88	1	1.8	37167	1.6	2	88	0.3	38011	40	-1.5	46458	6
1910	2024-11-24										2026-01-21	2026-01-21		2024-11-24	46458	88	1	1.8	37167	1.6	2	88	0.3	38011	40	-1.5	0	7
1909	2024-11-23										2026-01-21	2026-01-21		2024-11-23	46458	88	1	1.8	37167	1.6	2	88	0.3	38011	40	-1.5	46458	8
1908	2024-11-22										2026-01-21	2026-01-21		2024-11-22	46458	88	1	1.8	37167	1.6	2	88	0.3	38011	40	-1.5	46458	9
1907	2024-11-21										2026-01-21	2026-01-21		2024-11-21	46458	88	1	1.8	37167	1.6	2	88	0.3	38011	40	-1.5	46458	10
1906	2024-11-20										2026-01-21	2026-01-21		2024-11-20	46458	88	1	1.8	37167	1.6	2	88	0.3	38011	40	-1.5	46458	11
1905	2024-11-19										2026-01-21	2026-01-21		2024-11-19	46458	88	1	1.8	37167	1.6	2	88	0.3	38011	40	-1.5	46458	12
1904	2024-11-18										2026-01-21	2026-01-21		2024-11-18	46458	88	1	1.8	37167	1.6	2	88	0.3	38011	40	-1.5	46458	13
1903	2024-11-17										2026-01-21	2026-01-21		2024-11-17	46458	88	1	1.8	37167	1.6	2	88	0.3	38011	40	-1.5	0	14
1902	2024-11-16										2026-01-21	2026-01-21		2024-11-16	46458	88	1	1.8	37167	1.6	2	88	0.3	38011	40	-1.5	46458	15
1901	2024-11-15										2026-01-21	2026-01-21		2024-11-15	46458	88	1	1.8	37167	1.6	2	88	0.3	38011	40	-1.5	46458	16
1900	2024-11-14										2026-01-21	2026-01-21		2024-11-14	46458	88	1	1.8	37167	1.6	2	88	0.3	38011	40	-1.5	46458	17
1899	2024-11-13										2026-01-21	2026-01-21		2024-11-13	46458	88	1	1.8	37167	1.6	2	88	0.3	38011	40	-1.5	46458	18
1898	2024-11-12										2026-01-21	2026-01-21		2024-11-12	46458	88	1	1.8	37167	1.6	2	88	0.3	38011	40	-1.5	46458	19
1897	2024-11-11										2026-01-21	2026-01-21		2024-11-11	46458	88	1	1.8	37167	1.6	2	88	0.3	38011	40	-1.5	46458	20
1896	2024-11-10										2026-01-21	2026-01-21		2024-11-10	46458	88	1	1.8	37167	1.6	2	88	0.3	38011	40	-1.5	0	21
1895	2024-11-09										2026-01-21	2026-01-21		2024-11-09	46458	88	1	1.8	37167	1.6	2	88	0.3	38011	40	-1.5	46458	22
1894	2024-11-08										2026-01-21	2026-01-21		2024-11-08	46458	88	1	1.8	37167	1.6	2	88	0.3	38011	40	-1.5	46458	23
1893	2024-11-07										2026-01-21	2026-01-21		2024-11-07	46458	88	1	1.8	37167	1.6	2	88	0.3	38011	40	-1.5	46458	24
1892	2024-11-06										2026-01-21	2026-01-21		2024-11-06	46458	88	1	1.8	37167	1.6	2	88	0.3	38011	40	-1.5	46458	25
1891	2024-11-05										2026-01-21	2026-01-21		2024-11-05	46458	88	1	1.8	37167	1.6	2	88	0.3	38011	40	-1.5	46458	26
1890	2024-11-04										2026-01-21	2026-01-21		2024-11-04	46458	88	1	1.8	37167	1.6	2	88	0.3	38011	40	-1.5	46458	27
1889	2024-11-03										2026-01-21	2026-01-21		2024-11-03	46458	88	1	1.8	37167	1.6	2	88	0.3	38011	40	-1.5	0	28
1888	2024-11-02										2026-01-21	2026-01-21		2024-11-02	46458	88	1	1.8	37167	1.6	2	88	0.3	38011	40	-1.5	0	29
1887	2024-11-01										2026-01-21	2026-01-21		2024-11-01	46458	88	1	1.8	37157	1.6	2	88	0.3	12670	40	-1.5	0	30
1886	2024-10-31										2026-01-21	2026-01-21		2024-10-31	46468	88	1	1.8	37157	1.6	2	88	0.3	38022	40	-1.5	42885	1
1885	2024-10-30										2026-01-21	2026-01-21		2024-10-30	46458	88	1	1.8	37167	1.6	2	88	0.3	38011	40	-1.5	42885	2
1884	2024-10-29										2026-01-21	2026-01-21		2024-10-29	46458	88	1	1.8	37167	1.6	2	88	0.3	38011	40	-1.5	42885	3
1883	2024-10-28										2026-01-21	2026-01-21		2024-10-28	46458	88	1	1.8	37167	1.6	2	88	0.3	38011	40	-1.5	42885	4
1882	2024-10-27										2026-01-21	2026-01-21		2024-10-27	46458	88	1	1.8	37167	1.6	2	88	0.3	38011	40	-1.5	0	5
1881	2024-10-26										2026-01-21	2026-01-21		2024-10-26	46458	88	1	1.8	37167	1.6	2	88	0.3	38011	40	-1.5	42885	6
1880	2024-10-25										2026-01-21	2026-01-21		2024-10-25	46458	88	1	1.8	37167	1.6	2	88	0.3	38011	40	-1.5	42885	7
1879	2024-10-24										2026-01-21	2026-01-21		2024-10-24	46458	88	1	1.8	37167	1.6	2	88	0.3	38011	40	-1.5	42885	8
1878	2024-10-23										2026-01-21	2026-01-21		2024-10-23	46458	88	1	1.8	37167	1.6	2	88	0.3	38011	40	-1.5	42885	9
1877	2024-10-22										2026-01-21	2026-01-21		2024-10-22	46458	88	1	1.8	37167	1.6	2	88	0.3	38011	40	-1.5	42885	10
1876	2024-10-21										2026-01-21	2026-01-21		2024-10-21	46458	88	1	1.8	37167	1.6	2	88	0.3	38011	40	-1.5	42885	11
1875	2024-10-20										2026-01-21	2026-01-21		2024-10-20	0	0	0	0	0	0	0	0	0	0	0	0	0	12
1874	2024-10-19										2026-01-21	2026-01-21		2024-10-19	46458	88	1	1.8	37167	1.6	2	88	0.3	38011	40	-1.5	42885	13
1873	2024-10-18										2026-01-21	2026-01-21		2024-10-18	46458	88	1	1.8	37167	1.6	2	88	0.3	38011	40	-1.5	42885	14
1872	2024-10-17										2026-01-21	2026-01-21		2024-10-17	46458	88	1	1.8	37167	1.6	2	88	0.3	38011	40	-1.5	42885	15
1871	2024-10-16										2026-01-21	2026-01-21		2024-10-16	46458	88	1	1.8	37167	1.6	2	88	0.3	38011	40	-1.5	42885	16
1870	2024-10-15										2026-01-21	2026-01-21		2024-10-15	46458	88	1	1.8	37167	1.6	2	88	0.3	38011	40	-1.5	42885	17
1869	2024-10-14										2026-01-21	2026-01-21		2024-10-14	46458	88	1	1.8	37167	1.6	2	88	0.3	38011	40	-1.5	42885	18
1868	2024-10-13										2026-01-21	2026-01-21		2024-10-13	46458	88	1	1.8	37167	1.6	2	88	0.3	38011	40	-1.5	0	19
1867	2024-10-12										2026-01-21	2026-01-21		2024-10-12	46458	88	1	1.8	37167	1.6	2	88	0.3	38011	40	-1.5	42885	20
1866	2024-10-11										2026-01-21	2026-01-21		2024-10-11	46458	88	1	1.8	37167	1.6	2	88	0.3	38011	40	-1.5	42885	21
1865	2024-10-10										2026-01-21	2026-01-21		2024-10-10	46458	88	1	1.8	37167	1.6	2	88	0.3	38011	40	-1.5	42885	22
1864	2024-10-09										2026-01-21	2026-01-21		2024-10-09	46458	88	1	1.8	37167	1.6	2	88	0.3	38011	40	-1.5	42885	23
1863	2024-10-08										2026-01-21	2026-01-21		2024-10-08	46458	88	1	1.8	37167	1.6	2	88	0.3	38011	40	-1.5	42885	24
1862	2024-10-07										2026-01-21	2026-01-21		2024-10-07	46458	88	1	1.8	37167	1.6	2	88	0.3	38011	40	-1.5	42885	25
1861	2024-10-06										2026-01-21	2026-01-21		2024-10-06	46458	88	1	1.8	37167	1.6	2	88	0.3	38011	40	-1.5	0	26
1860	2024-10-05										2026-01-21	2026-01-21		2024-10-05	46458	88	1	1.8	37167	1.6	2	88	0.3	38011	40	-1.5	42885	27
1859	2024-10-04										2026-01-21	2026-01-21		2024-10-04	46458	88	1	1.8	37167	1.6	2	88	0.3	38011	40	-1.5	42885	28
1858	2024-10-03										2026-01-21	2026-01-21		2024-10-03	46458	88	1	1.8	37167	1.6	2	88	0.3	38011	40	-1.5	42885	29
1857	2024-10-02										2026-01-21	2026-01-21		2024-10-02	46458	88	1	1.8	37167	1.6	2	88	0.3	38011	40	-1.5	42875	30
1856	2024-10-01										2026-01-21	2026-01-21		2024-10-01	46458	88	1	1.8	37167	1.6	2	88	0.3	12670	40	-1.5	0	31
1855	2024-09-30										2026-01-21	2026-01-21		2024-09-30	45893	88	1	1.8	36657	1.6	2	88	0.3	38372	40	-1.5	42308	1
1854	2024-09-29										2026-01-21	2026-01-21		2024-09-29	45883	88	1	1.8	36667	1.6	2	88	0.3	38372	40	-1.5	42308	2
1853	2024-09-28										2026-01-21	2026-01-21		2024-09-28	45883	88	1	1.8	36667	1.6	2	88	0.3	38372	40	-1.5	42308	3
1852	2024-09-27										2026-01-21	2026-01-21		2024-09-27	45883	88	1	1.8	36667	1.6	2	88	0.3	38372	40	-1.5	42308	4
1851	2024-09-26										2026-01-21	2026-01-21		2024-09-26	45883	88	1	1.8	36667	1.6	2	88	0.3	38372	40	-1.5	42308	5
1850	2024-09-25										2026-01-21	2026-01-21		2024-09-25	45883	88	1	1.8	36667	1.6	2	88	0.3	38372	40	-1.5	42308	6
1849	2024-09-24										2026-01-21	2026-01-21		2024-09-24	45883	88	1	1.8	36667	1.6	2	88	0.3	38372	40	-1.5	42308	7
1848	2024-09-23										2026-01-21	2026-01-21		2024-09-23	45883	88	1	1.8	36667	1.6	2	88	0.3	38372	40	-1.5	42308	8
1847	2024-09-22										2026-01-21	2026-01-21		2024-09-22	45883	88	1	1.8	36667	1.6	2	88	0.3	38372	40	-1.5	0	9
1846	2024-09-21										2026-01-21	2026-01-21		2024-09-21	45883	88	1	1.8	36667	1.6	2	88	0.3	38372	40	-1.5	42308	10
1845	2024-09-20										2026-01-21	2026-01-21		2024-09-20	45883	88	1	1.8	36667	1.6	2	88	0.3	38372	40	-1.5	42308	11
1844	2024-09-19										2026-01-21	2026-01-21		2024-09-19	45883	88	1	1.8	36667	1.6	2	88	0.3	38372	40	-1.5	42308	12
1843	2024-09-18										2026-01-21	2026-01-21		2024-09-18	45883	88	1	1.8	36667	1.6	2	88	0.3	38372	40	-1.5	42308	13
1842	2024-09-17										2026-01-21	2026-01-21		2024-09-17	45883	88	1	1.8	36667	1.6	2	88	0.3	38372	40	-1.5	42308	14
1841	2024-09-16										2026-01-21	2026-01-21		2024-09-16	45883	88	1	1.8	36667	1.6	2	88	0.3	38372	40	-1.5	42308	15
1840	2024-09-15										2026-01-21	2026-01-21		2024-09-15	45883	88	1	1.8	36667	1.6	2	88	0.3	38372	40	-1.5	0	16
1839	2024-09-14										2026-01-21	2026-01-21		2024-09-14	45883	88	1	1.8	36667	1.6	2	88	0.3	38372	40	-1.5	42308	17
1838	2024-09-13										2026-01-21	2026-01-21		2024-09-13	45883	88	1	1.8	36667	1.6	2	88	0.3	38372	40	-1.5	42308	18
1837	2024-09-12										2026-01-21	2026-01-21		2024-09-12	45883	88	1	1.8	36667	1.6	2	88	0.3	38372	40	-1.5	42308	19
1836	2024-09-11										2026-01-21	2026-01-21		2024-09-11	45883	88	1	1.8	36667	1.6	2	88	0.3	38372	40	-1.5	42308	20
1835	2024-09-10										2026-01-21	2026-01-21		2024-09-10	45883	88	1	1.8	36667	1.6	2	88	0.3	38372	40	-1.5	42308	21
1834	2024-09-09										2026-01-21	2026-01-21		2024-09-09	45883	88	1	1.8	36667	1.6	2	88	0.3	38372	40	-1.5	42308	22
1833	2024-09-08										2026-01-21	2026-01-21		2024-09-08	45883	88	1	1.8	36667	1.6	2	88	0.3	38372	40	-1.5	0	23
1832	2024-09-07										2026-01-21	2026-01-21		2024-09-07	45883	88	1	1.8	36667	1.6	2	88	0.3	38372	40	-1.5	42308	24
1831	2024-09-06										2026-01-21	2026-01-21		2024-09-06	45883	88	1	1.8	36667	1.6	2	88	0.3	38372	40	-1.5	42308	25
1830	2024-09-05										2026-01-21	2026-01-21		2024-09-05	45883	88	1	1.8	36667	1.6	2	88	0.3	38372	40	-1.5	42308	26
1829	2024-09-04										2026-01-21	2026-01-21		2024-09-04	45883	88	1	1.8	36667	1.6	2	88	0.3	38372	40	-1.5	42308	27
1828	2024-09-03										2026-01-21	2026-01-21		2024-09-03	45883	88	1	1.8	36667	1.6	2	88	0.3	38372	40	-1.5	42308	28
1827	2024-09-02										2026-01-21	2026-01-21		2024-09-02	45883	88	1	1.8	36667	1.6	2	88	0.3	12792	40	-1.5	42300	29
1826	2024-09-01										2026-01-21	2026-01-21		2024-09-01	44383	88	1	1.8	36667	1.6	2	88	0.3	12792	40	-1.5	0	30
1825	2024-08-31										2026-01-21	2026-01-21		2024-08-31	46370	88	1	1.8	37090	1.6	2	88	0.3	37912	40	-1.5	44231	1
1824	2024-08-30										2026-01-21	2026-01-21		2024-08-30	46371	88	1	1.8	37097	1.6	2	88	0.3	37912	40	-1.5	44231	2
1823	2024-08-29										2026-01-21	2026-01-21		2024-08-29	46371	88	1	1.8	37097	1.6	2	88	0.3	37912	40	-1.5	44231	3
1822	2024-08-28										2026-01-21	2026-01-21		2024-08-28	46371	88	1	1.8	37097	1.6	2	88	0.3	37912	40	-1.5	44231	4
1821	2024-08-27										2026-01-21	2026-01-21		2024-08-27	46371	88	1	1.8	37097	1.6	2	88	0.3	37912	40	-1.5	44231	5
1820	2024-08-26										2026-01-21	2026-01-21		2024-08-26	46371	88	1	1.8	37097	1.6	2	88	0.3	37912	40	-1.5	44231	6
1819	2024-08-25										2026-01-21	2026-01-21		2024-08-25	46371	88	1	1.8	37097	1.6	2	88	0.3	37912	40	-1.5	0	7
1818	2024-08-24										2026-01-21	2026-01-21		2024-08-24	46371	88	1	1.8	37097	1.6	2	88	0.3	37912	40	-1.5	44231	8
1817	2024-08-23										2026-01-21	2026-01-21		2024-08-23	46371	88	1	1.8	37097	1.6	2	88	0.3	37912	40	-1.5	44231	9
1816	2024-08-22										2026-01-21	2026-01-21		2024-08-22	46371	88	1	1.8	37097	1.6	2	88	0.3	37912	40	-1.5	44231	10
1815	2024-08-21										2026-01-21	2026-01-21		2024-08-21	46371	88	1	1.8	37097	1.6	2	88	0.3	37912	40	-1.5	44231	11
1814	2024-08-20										2026-01-21	2026-01-21		2024-08-20	46371	88	1	1.8	37097	1.6	2	88	0.3	37912	40	-1.5	44231	12
1813	2024-08-19										2026-01-21	2026-01-21		2024-08-19	46371	88	1	1.8	37097	1.6	2	88	0.3	37912	40	-1.5	44231	13
1812	2024-08-18										2026-01-21	2026-01-21		2024-08-18	46371	88	1	1.8	37097	1.6	2	88	0.3	37912	40	-1.5	0	14
1811	2024-08-17										2026-01-21	2026-01-21		2024-08-17	46371	88	1	1.8	37097	1.6	2	88	0.3	37912	40	-1.5	44231	15
1810	2024-08-16										2026-01-21	2026-01-21		2024-08-16	46371	88	1	1.8	37097	1.6	2	88	0.3	37912	40	-1.5	44231	16
1809	2024-08-15										2026-01-21	2026-01-21		2024-08-15	46371	88	1	1.8	37097	1.6	2	88	0.3	37912	40	-1.5	44231	17
1808	2024-08-14										2026-01-21	2026-01-21		2024-08-14	46371	88	1	1.8	37097	1.6	2	88	0.3	37912	40	-1.5	44231	18
1807	2024-08-13										2026-01-21	2026-01-21		2024-08-13	46371	88	1	1.8	37097	1.6	2	88	0.3	37912	40	-1.5	44231	19
1806	2024-08-12										2026-01-21	2026-01-21		2024-08-12	46371	88	1	1.8	37097	1.6	2	88	0.3	37912	40	-1.5	44231	20
1805	2024-08-11										2026-01-21	2026-01-21		2024-08-11	46371	88	1	1.8	37097	1.6	2	88	0.3	37912	40	-1.5	0	21
1804	2024-08-10										2026-01-21	2026-01-21		2024-08-10	46371	88	1	1.8	37097	1.6	2	88	0.3	37912	40	-1.5	44231	22
1803	2024-08-09										2026-01-21	2026-01-21		2024-08-09	46371	88	1	1.8	37097	1.6	2	88	0.3	37912	40	-1.5	44231	23
1802	2024-08-08										2026-01-21	2026-01-21		2024-08-08	46371	88	1	1.8	37097	1.6	2	88	0.3	37912	40	-1.5	44231	24
1801	2024-08-07										2026-01-21	2026-01-21		2024-08-07	46371	88	1	1.8	37097	1.6	2	88	0.3	37912	40	-1.5	44231	25
1800	2024-08-06										2026-01-21	2026-01-21		2024-08-06	46371	88	1	1.8	37097	1.6	2	88	0.3	37912	40	-1.5	44231	26
1799	2024-08-05										2026-01-21	2026-01-21		2024-08-05	46371	88	1	1.8	37097	1.6	2	88	0.3	37912	40	-1.5	44231	27
1798	2024-08-04										2026-01-21	2026-01-21		2024-08-04	46371	88	1	1.8	37097	1.6	2	88	0.3	37912	40	-1.5	0	28
1797	2024-08-03										2026-01-21	2026-01-21		2024-08-03	46371	88	1	1.8	37097	1.6	2	88	0.3	37912	40	-1.5	44231	29
1796	2024-08-02										2026-01-21	2026-01-21		2024-08-02	46371	88	1	1.8	37097	1.6	2	88	0.3	37912	40	-1.5	44225	30
1795	2024-08-01										2026-01-21	2026-01-21		2024-08-01	46371	88	1	1.8	37097	1.6	2	88	0.3	12640	40	-1.5	0	31
1794	2024-07-31										2026-01-21	2026-01-21		2024-07-31	46370	88	1	1.8	37090	1.6	2	88	0.3	37915	40	-1.5	44231	1
1793	2024-07-30										2026-01-21	2026-01-21		2024-07-30	46371	88	1	1.8	37097	1.6	2	88	0.3	37912	40	-1.5	44231	2
1792	2024-07-29										2026-01-21	2026-01-21		2024-07-29	46371	88	1	1.8	37097	1.6	2	88	0.3	37912	40	-1.5	44231	3
1791	2024-07-28										2026-01-21	2026-01-21		2024-07-28	46371	88	1	1.8	37097	1.6	2	88	0.3	37912	40	-1.5	0	4
1790	2024-07-27										2026-01-21	2026-01-21		2024-07-27	46371	88	1	1.8	37097	1.6	2	88	0.3	37912	40	-1.5	44231	5
1789	2024-07-26										2026-01-21	2026-01-21		2024-07-26	46371	88	1	1.8	37097	1.6	2	88	0.3	37912	40	-1.5	44231	6
1788	2024-07-25										2026-01-21	2026-01-21		2024-07-25	46371	88	1	1.8	37097	1.6	2	88	0.3	37912	40	-1.5	44231	7
1787	2024-07-24										2026-01-21	2026-01-21		2024-07-24	46371	88	1	1.8	37097	1.6	2	88	0.3	37912	40	-1.5	44231	8
1786	2024-07-23										2026-01-21	2026-01-21		2024-07-23	46371	88	1	1.8	37097	1.6	2	88	0.3	37912	40	-1.5	44231	9
1785	2024-07-22										2026-01-21	2026-01-21		2024-07-22	46371	88	1	1.8	37097	1.6	2	88	0.3	37912	40	-1.5	44231	10
1784	2024-07-21										2026-01-21	2026-01-21		2024-07-21	46371	88	1	1.8	37097	1.6	2	88	0.3	37912	40	-1.5	0	11
1783	2024-07-20										2026-01-21	2026-01-21		2024-07-20	46371	88	1	1.8	37097	1.6	2	88	0.3	37912	40	-1.5	44231	12
1782	2024-07-19										2026-01-21	2026-01-21		2024-07-19	46371	88	1	1.8	37097	1.6	2	88	0.3	37912	40	-1.5	44231	13
1781	2024-07-18										2026-01-21	2026-01-21		2024-07-18	46371	88	1	1.8	37097	1.6	2	88	0.3	37912	40	-1.5	44231	14
1780	2024-07-17										2026-01-21	2026-01-21		2024-07-17	46371	88	1	1.8	37097	1.6	2	88	0.3	37912	40	-1.5	44231	15
1779	2024-07-16										2026-01-21	2026-01-21		2024-07-16	46371	88	1	1.8	37097	1.6	2	88	0.3	37912	40	-1.5	44231	16
1778	2024-07-15										2026-01-21	2026-01-21		2024-07-15	46371	88	1	1.8	37097	1.6	2	88	0.3	37912	40	-1.5	44231	17
1777	2024-07-14										2026-01-21	2026-01-21		2024-07-14	46371	88	1	1.8	37097	1.6	2	88	0.3	37912	40	-1.5	0	18
1776	2024-07-13										2026-01-21	2026-01-21		2024-07-13	46371	88	1	1.8	37097	1.6	2	88	0.3	37912	40	-1.5	44231	19
1775	2024-07-12										2026-01-21	2026-01-21		2024-07-12	46371	88	1	1.8	37097	1.6	2	88	0.3	37912	40	-1.5	44231	20
1774	2024-07-11										2026-01-21	2026-01-21		2024-07-11	46371	88	1	1.8	37097	1.6	2	88	0.3	37912	40	-1.5	44231	21
1773	2024-07-10										2026-01-21	2026-01-21		2024-07-10	46371	88	1	1.8	37097	1.6	2	88	0.3	37912	40	-1.5	44231	22
1772	2024-07-09										2026-01-21	2026-01-21		2024-07-09	46371	88	1	1.8	37097	1.6	2	88	0.3	37912	40	-1.5	44231	23
1771	2024-07-08										2026-01-21	2026-01-21		2024-07-08	46371	88	1	1.8	37097	1.6	2	88	0.3	37912	40	-1.5	44231	24
1770	2024-07-07										2026-01-21	2026-01-21		2024-07-07	46371	88	1	1.8	37097	1.6	2	88	0.3	37912	40	-1.5	0	25
1769	2024-07-06										2026-01-21	2026-01-21		2024-07-06	46371	88	1	1.8	37097	1.6	2	88	0.3	37912	40	-1.5	44231	26
1768	2024-07-05										2026-01-21	2026-01-21		2024-07-05	46371	88	1	1.8	37097	1.6	2	88	0.3	37912	40	-1.5	44231	27
1767	2024-07-04										2026-01-21	2026-01-21		2024-07-04	46371	88	1	1.8	37097	1.6	2	88	0.3	37912	40	-1.5	44231	28
1766	2024-07-03										2026-01-21	2026-01-21		2024-07-03	46371	88	1	1.8	37097	1.6	2	88	0.3	37912	40	-1.5	44231	29
1765	2024-07-02										2026-01-21	2026-01-21		2024-07-02	46371	88	1	1.8	37097	1.6	2	88	0.3	37912	40	-1.5	44225	30
1764	2024-07-01										2026-01-21	2026-01-21		2024-07-01	46371	88	1	1.8	37097	1.6	2	88	0.3	12637	40	-1.5	0	31
1763	2024-06-30										2026-01-21	2026-01-21		2024-06-30	45893	88	1	1.8	36657	1.6	2	88	0.3	37500	40	-1.5	44000	1
1762	2024-06-29										2026-01-21	2026-01-21		2024-06-29	45883	88	1	1.8	36667	1.6	2	88	0.3	37500	40	-1.5	44000	2
1761	2024-06-28										2026-01-21	2026-01-21		2024-06-28	45883	88	1	1.8	36667	1.6	2	88	0.3	37500	40	-1.5	44000	3
1760	2024-06-27										2026-01-21	2026-01-21		2024-06-27	45883	88	1	1.8	36667	1.6	2	88	0.3	37500	40	-1.5	44000	4
1759	2024-06-26										2026-01-21	2026-01-21		2024-06-26	45883	88	1	1.8	36667	1.6	2	88	0.3	37500	40	-1.5	44000	5
1758	2024-06-25										2026-01-21	2026-01-21		2024-06-25	45883	88	1	1.8	36667	1.6	2	88	0.3	37500	40	-1.5	44000	6
1757	2024-06-24										2026-01-21	2026-01-21		2024-06-24	45883	88	1	1.8	36667	1.6	2	88	0.3	37500	40	-1.5	44000	7
1756	2024-06-23										2026-01-21	2026-01-21		2024-06-23	45883	88	1	1.8	36667	1.6	2	88	0.3	37500	40	-1.5	0	8
1755	2024-06-22										2026-01-21	2026-01-21		2024-06-22	45883	88	1	1.8	36667	1.6	2	88	0.3	37500	40	-1.5	44000	9
1754	2024-06-21										2026-01-21	2026-01-21		2024-06-21	45883	88	1	1.8	36667	1.6	2	88	0.3	37500	40	-1.5	44000	10
1753	2024-06-20										2026-01-21	2026-01-21		2024-06-20	45883	88	1	1.8	36667	1.6	2	88	0.3	37500	40	-1.5	44000	11
1752	2024-06-19										2026-01-21	2026-01-21		2024-06-19	45883	88	1	1.8	36667	1.6	2	88	0.3	37500	40	-1.5	44000	12
1751	2024-06-18										2026-01-21	2026-01-21		2024-06-18	45883	88	1	1.8	36667	1.6	2	88	0.3	37500	40	-1.5	44000	13
1750	2024-06-17										2026-01-21	2026-01-21		2024-06-17	45883	88	1	1.8	36667	1.6	2	88	0.3	37500	40	-1.5	44000	14
1749	2024-06-16										2026-01-21	2026-01-21		2024-06-16	45883	88	1	1.8	36667	1.6	2	88	0.3	37500	40	-1.5	0	15
1748	2024-06-15										2026-01-21	2026-01-21		2024-06-15	45883	88	1	1.8	36667	1.6	2	88	0.3	37500	40	-1.5	44000	16
1747	2024-06-14										2026-01-21	2026-01-21		2024-06-14	45883	88	1	1.8	36667	1.6	2	88	0.3	37500	40	-1.5	44000	17
1746	2024-06-13										2026-01-21	2026-01-21		2024-06-13	45883	88	1	1.8	36667	1.6	2	88	0.3	37500	40	-1.5	44000	18
1745	2024-06-12										2026-01-21	2026-01-21		2024-06-12	45883	88	1	1.8	36667	1.6	2	88	0.3	37500	40	-1.5	44000	19
1744	2024-06-11										2026-01-21	2026-01-21		2024-06-11	45883	88	1	1.8	36667	1.6	2	88	0.3	37500	40	-1.5	44000	20
1743	2024-06-10										2026-01-21	2026-01-21		2024-06-10	45883	88	1	1.8	36667	1.6	2	88	0.3	37500	40	-1.5	44000	21
1742	2024-06-09										2026-01-21	2026-01-21		2024-06-09	45883	88	1	1.8	36667	1.6	2	88	0.3	37500	40	-1.5	0	22
1741	2024-06-08										2026-01-21	2026-01-21		2024-06-08	45883	88	1	1.8	36667	1.6	2	88	0.3	37500	40	-1.5	44000	23
1740	2024-06-07										2026-01-21	2026-01-21		2024-06-07	45883	88	1	1.8	36667	1.6	2	88	0.3	37500	40	-1.5	44000	24
1739	2024-06-06										2026-01-21	2026-01-21		2024-06-06	45883	88	1	1.8	36667	1.6	2	88	0.3	37500	40	-1.5	44000	25
1738	2024-06-05										2026-01-21	2026-01-21		2024-06-05	45883	88	1	1.8	36667	1.6	2	88	0.3	37500	40	-1.5	44000	26
1737	2024-06-04										2026-01-21	2026-01-21		2024-06-04	45883	88	1	1.8	36667	1.6	2	88	0.3	37500	40	-1.5	44000	27
1736	2024-06-03										2026-01-21	2026-01-21		2024-06-03	45883	88	1	1.8	36667	1.6	2	88	0.3	25000	40	-1.5	44000	28
1735	2024-06-02										2026-01-21	2026-01-21		2024-06-02	45883	88	1	1.8	36667	1.6	2	88	0.3	25000	40	-1.5	0	29
1734	2024-06-01										2026-01-21	2026-01-21		2024-06-01	45883	88	1	1.8	36667	1.6	2	88	0.3	37500	40	-1.5	0	30
1733	2024-05-31										2026-01-21	2026-01-21		2024-05-31	44393	88	1	1.8	36657	1.6	2	88	0.3	37079	40	-1.5	44000	1
1732	2024-05-30										2026-01-21	2026-01-21		2024-05-30	45883	88	1	1.8	36667	1.6	2	88	0.3	37079	40	-1.5	44000	2
1731	2024-05-29										2026-01-21	2026-01-21		2024-05-29	45883	88	1	1.8	36667	1.6	2	88	0.3	37079	40	-1.5	44000	3
1730	2024-05-28										2026-01-21	2026-01-21		2024-05-28	45883	88	1	1.8	36667	1.6	2	88	0.3	37079	40	-1.5	44000	4
1729	2024-05-27										2026-01-21	2026-01-21		2024-05-27	45883	88	1	1.8	36667	1.6	2	88	0.3	37079	40	-1.5	44000	5
1728	2024-05-26										2026-01-21	2026-01-21		2024-05-26	45883	88	1	1.8	36667	1.6	2	88	0.3	37079	40	-1.5	0	6
1727	2024-05-25										2026-01-21	2026-01-21		2024-05-25	45883	88	1	1.8	36667	1.6	2	88	0.3	37079	40	-1.5	44000	7
1726	2024-05-24										2026-01-21	2026-01-21		2024-05-24	45883	88	1	1.8	36667	1.6	2	88	0.3	37079	40	-1.5	44000	8
1725	2024-05-23										2026-01-21	2026-01-21		2024-05-23	45883	88	1	1.8	36667	1.6	2	88	0.3	37079	40	-1.5	44000	9
1724	2024-05-22										2026-01-21	2026-01-21		2024-05-22	45883	88	1	1.8	36667	1.6	2	88	0.3	37079	40	-1.5	44000	10
1723	2024-05-21										2026-01-21	2026-01-21		2024-05-21	45883	88	1	1.8	36667	1.6	2	88	0.3	37079	40	-1.5	44000	11
1722	2024-05-20										2026-01-21	2026-01-21		2024-05-20	45883	88	1	1.8	36667	1.6	2	88	0.3	37079	40	-1.5	44000	12
1721	2024-05-19										2026-01-21	2026-01-21		2024-05-19	45883	88	1	1.8	36667	1.6	2	88	0.3	37079	40	-1.5	0	13
1720	2024-05-18										2026-01-21	2026-01-21		2024-05-18	45883	88	1	1.8	36667	1.6	2	88	0.3	37079	40	-1.5	44000	14
1719	2024-05-17										2026-01-21	2026-01-21		2024-05-17	45883	88	1	1.8	36667	1.6	2	88	0.3	37079	40	-1.5	44000	15
1718	2024-05-16										2026-01-21	2026-01-21		2024-05-16	45883	88	1	1.8	36667	1.6	2	88	0.3	37079	40	-1.5	44000	16
1717	2024-05-15										2026-01-21	2026-01-21		2024-05-15	45883	88	1	1.8	36667	1.6	2	88	0.3	37079	40	-1.5	44000	17
1716	2024-05-14										2026-01-21	2026-01-21		2024-05-14	45883	88	1	1.8	36667	1.6	2	88	0.3	37079	40	-1.5	44000	18
1715	2024-05-13										2026-01-21	2026-01-21		2024-05-13	45883	88	1	1.8	36667	1.6	2	88	0.3	37079	40	-1.5	44000	19
1714	2024-05-12										2026-01-21	2026-01-21		2024-05-12	45883	88	1	1.8	36667	1.6	2	88	0.3	37079	40	-1.5	0	20
1713	2024-05-11										2026-01-21	2026-01-21		2024-05-11	45883	88	1	1.8	36667	1.6	2	88	0.3	37079	40	-1.5	44000	21
1712	2024-05-10										2026-01-21	2026-01-21		2024-05-10	45883	88	1	1.8	36667	1.6	2	88	0.3	37079	40	-1.5	44000	22
1711	2024-05-09										2026-01-21	2026-01-21		2024-05-09	45883	88	1	1.8	36667	1.6	2	88	0.3	37079	40	-1.5	44000	23
1710	2024-05-08										2026-01-21	2026-01-21		2024-05-08	45883	88	1	1.8	36667	1.6	2	88	0.3	37079	40	-1.5	44000	24
1709	2024-05-07										2026-01-21	2026-01-21		2024-05-07	45883	88	1	1.8	36667	1.6	2	88	0.3	37079	40	-1.5	44000	25
1708	2024-05-06										2026-01-21	2026-01-21		2024-05-06	45883	88	1	1.8	36667	1.6	2	88	0.3	37079	40	-1.5	44000	26
1707	2024-05-05										2026-01-21	2026-01-21		2024-05-05	45883	88	1	1.8	36667	1.6	2	88	0.3	37079	40	-1.5	0	27
1706	2024-05-04										2026-01-21	2026-01-21		2024-05-04	45883	88	1	1.8	36667	1.6	2	88	0.3	37079	40	-1.5	44000	28
1705	2024-05-03										2026-01-21	2026-01-21		2024-05-03	45883	88	1	1.8	36667	1.6	2	88	0.3	37079	40	-1.5	44000	29
1704	2024-05-02										2026-01-21	2026-01-21		2024-05-02	45883	88	1	1.8	36667	1.6	2	88	0.3	24709	40	-1.5	0	30
1703	2024-05-01										2026-01-21	2026-01-21		2024-05-01	0	0	0	0	0	0	0	0	0	0	0	0	0	31
1702	2024-04-30										2026-01-21	2026-01-21		2024-04-30	45843	88	1	1.8	36667	1.6	2	88	0.3	38372	40	-1.5	44000	1
1701	2024-04-29										2026-01-21	2026-01-21		2024-04-29	45833	88	1	1.8	36667	1.6	2	88	0.3	38372	40	-1.5	44000	2
1700	2024-04-28										2026-01-21	2026-01-21		2024-04-28	45833	88	1	1.8	36667	1.6	2	88	0.3	38372	40	-1.5	0	3
1699	2024-04-27										2026-01-21	2026-01-21		2024-04-27	45833	88	1	1.8	36667	1.6	2	88	0.3	38372	40	-1.5	44000	4
1698	2024-04-26										2026-01-21	2026-01-21		2024-04-26	45833	88	1	1.8	36667	1.6	2	88	0.3	38372	40	-1.5	44000	5
1697	2024-04-25										2026-01-21	2026-01-21		2024-04-25	45833	88	1	1.8	36667	1.6	2	88	0.3	38372	40	-1.5	44000	6
1696	2024-04-24										2026-01-21	2026-01-21		2024-04-24	45833	88	1	1.8	36667	1.6	2	88	0.3	38372	40	-1.5	44000	7
1695	2024-04-23										2026-01-21	2026-01-21		2024-04-23	45833	88	1	1.8	36667	1.6	2	88	0.3	38372	40	-1.5	44000	8
1694	2024-04-22										2026-01-21	2026-01-21		2024-04-22	45833	88	1	1.8	36667	1.6	2	88	0.3	38372	40	-1.5	44000	9
1693	2024-04-21										2026-01-21	2026-01-21		2024-04-21	45833	88	1	1.8	36667	1.6	2	88	0.3	38372	40	-1.5	0	10
1692	2024-04-20										2026-01-21	2026-01-21		2024-04-20	45833	88	1	1.8	36667	1.6	2	88	0.3	38372	40	-1.5	44000	11
1691	2024-04-19										2026-01-21	2026-01-21		2024-04-19	45833	88	1	1.8	36667	1.6	2	88	0.3	38372	40	-1.5	44000	12
1690	2024-04-18										2026-01-21	2026-01-21		2024-04-18	45833	88	1	1.8	36667	1.6	2	88	0.3	38372	40	-1.5	44000	13
1689	2024-04-17										2026-01-21	2026-01-21		2024-04-17	45833	88	1	1.8	36667	1.6	2	88	0.3	38372	40	-1.5	44000	14
1688	2024-04-16										2026-01-21	2026-01-21		2024-04-16	45833	88	1	1.8	36667	1.6	2	88	0.3	38372	40	-1.5	44000	15
1687	2024-04-15										2026-01-21	2026-01-21		2024-04-15	45833	88	1	1.8	36667	1.6	2	88	0.3	38372	40	-1.5	44000	16
1686	2024-04-14										2026-01-21	2026-01-21		2024-04-14	45833	88	1	1.8	36667	1.6	2	88	0.3	38372	40	-1.5	0	17
1685	2024-04-13										2026-01-21	2026-01-21		2024-04-13	45833	88	1	1.8	36667	1.6	2	88	0.3	38372	40	-1.5	44000	18
1684	2024-04-12										2026-01-21	2026-01-21		2024-04-12	45833	88	1	1.8	36667	1.6	2	88	0.3	38372	40	-1.5	44000	19
1683	2024-04-11										2026-01-21	2026-01-21		2024-04-11	45833	88	1	1.8	36667	1.6	2	88	0.3	38372	40	-1.5	44000	20
1682	2024-04-10										2026-01-21	2026-01-21		2024-04-10	45833	88	1	1.8	36667	1.6	2	88	0.3	38372	40	-1.5	44000	21
1681	2024-04-09										2026-01-21	2026-01-21		2024-04-09	45833	88	1	1.8	36667	1.6	2	88	0.3	38372	40	-1.5	44000	22
1680	2024-04-08										2026-01-21	2026-01-21		2024-04-08	45833	88	1	1.8	36667	1.6	2	88	0.3	38372	40	-1.5	44000	23
1679	2024-04-07										2026-01-21	2026-01-21		2024-04-07	45833	88	1	1.8	36667	1.6	2	88	0.3	38372	40	-1.5	0	24
1678	2024-04-06										2026-01-21	2026-01-21		2024-04-06	45833	88	1	1.8	36667	1.6	2	88	0.3	38372	40	-1.5	44000	25
1677	2024-04-05										2026-01-21	2026-01-21		2024-04-05	45833	88	1	1.8	36667	1.6	2	88	0.3	38372	40	-1.5	44000	26
1676	2024-04-04										2026-01-21	2026-01-21		2024-04-04	45833	88	1	1.8	36667	1.6	2	88	0.3	38372	40	-1.5	44000	27
1675	2024-04-03										2026-01-21	2026-01-21		2024-04-03	45833	88	1	1.8	36667	1.6	2	88	0.3	25881	40	-1.5	44000	28
1674	2024-04-02										2026-01-21	2026-01-21		2024-04-02	45833	88	1	1.8	36667	1.6	2	88	0.3	25881	40	-1.5	44000	29
1673	2024-04-01										2026-01-21	2026-01-21		2024-04-01	45833	88	1	1.8	36657	1.6	2	88	0.3	12194	40	-1.5	0	30
1672	2024-03-31										2026-01-21	2026-01-21		2024-03-31	45417	88	1	1.8	36343	1.6	2	88	0.3	36343	40	-1.5	45417	1
1671	2024-03-30										2026-01-21	2026-01-21		2024-03-30	45407	88	1	1.8	36333	1.6	2	88	0.3	36333	40	-1.5	45417	2
1670	2024-03-29										2026-01-21	2026-01-21		2024-03-29	0	0	0	0	0	0	0	0	0	0	0	0	0	3
1669	2024-03-28										2026-01-21	2026-01-21		2024-03-28	45417	88	1	1.8	36333	1.6	2	88	0.3	36333	40	-1.5	45417	4
1668	2024-03-27										2026-01-21	2026-01-21		2024-03-27	45417	88	1	1.8	36333	1.6	2	88	0.3	36333	40	-1.5	45417	5
1667	2024-03-26										2026-01-21	2026-01-21		2024-03-26	45417	88	1	1.8	36333	1.6	2	88	0.3	36333	40	-1.5	45417	6
1666	2024-03-25										2026-01-21	2026-01-21		2024-03-25	45417	88	1	1.8	36333	1.6	2	88	0.3	36333	40	-1.5	45417	7
1665	2024-03-24										2026-01-21	2026-01-21		2024-03-24	45417	88	1	1.8	36333	1.6	2	88	0.3	36333	40	-1.5	0	8
1664	2024-03-23										2026-01-21	2026-01-21		2024-03-23	45417	88	1	1.8	36333	1.6	2	88	0.3	36333	40	-1.5	45417	9
1663	2024-03-22										2026-01-21	2026-01-21		2024-03-22	45417	88	1	1.8	36333	1.6	2	88	0.3	36333	40	-1.5	45417	10
1662	2024-03-21										2026-01-21	2026-01-21		2024-03-21	45417	88	1	1.8	36333	1.6	2	88	0.3	36333	40	-1.5	45417	11
1661	2024-03-20										2026-01-21	2026-01-21		2024-03-20	45417	88	1	1.8	36333	1.6	2	88	0.3	36333	40	-1.5	45417	12
1660	2024-03-19										2026-01-21	2026-01-21		2024-03-19	45417	88	1	1.8	36333	1.6	2	88	0.3	36333	40	-1.5	45417	13
1659	2024-03-18										2026-01-21	2026-01-21		2024-03-18	45417	88	1	1.8	36333	1.6	2	88	0.3	36333	40	-1.5	45417	14
1658	2024-03-17										2026-01-21	2026-01-21		2024-03-17	45417	88	1	1.8	36333	1.6	2	88	0.3	36333	40	-1.5	0	15
1657	2024-03-16										2026-01-21	2026-01-21		2024-03-16	45417	88	1	1.8	36333	1.6	2	88	0.3	36333	40	-1.5	45417	16
1656	2024-03-15										2026-01-21	2026-01-21		2024-03-15	45417	88	1	1.8	36333	1.6	2	88	0.3	36333	40	-1.5	45417	17
1655	2024-03-14										2026-01-21	2026-01-21		2024-03-14	45417	88	1	1.8	36333	1.6	2	88	0.3	36333	40	-1.5	45417	18
1654	2024-03-13										2026-01-21	2026-01-21		2024-03-13	45417	88	1	1.8	36333	1.6	2	88	0.3	36333	40	-1.5	45417	19
1653	2024-03-12										2026-01-21	2026-01-21		2024-03-12	45417	88	1	1.8	36333	1.6	2	88	0.3	36333	40	-1.5	45417	20
1652	2024-03-11										2026-01-21	2026-01-21		2024-03-11	45417	88	1	1.8	36333	1.6	2	88	0.3	36333	40	-1.5	45417	21
1651	2024-03-10										2026-01-21	2026-01-21		2024-03-10	45417	88	1	1.8	36333	1.6	2	88	0.3	36333	40	-1.5	0	22
1650	2024-03-09										2026-01-21	2026-01-21		2024-03-09	45417	88	1	1.8	36333	1.6	2	88	0.3	36333	40	-1.5	45417	23
1649	2024-03-08										2026-01-21	2026-01-21		2024-03-08	45417	88	1	1.8	36333	1.6	2	88	0.3	36333	40	-1.5	45417	24
1648	2024-03-07										2026-01-21	2026-01-21		2024-03-07	45417	88	1	1.8	36333	1.6	2	88	0.3	36333	40	-1.5	45417	25
1647	2024-03-06										2026-01-21	2026-01-21		2024-03-06	45417	88	1	1.8	36333	1.6	2	88	0.3	36333	40	-1.5	45417	26
1646	2024-03-05										2026-01-21	2026-01-21		2024-03-05	45417	88	1	1.8	36333	1.6	2	88	0.3	36333	40	-1.5	45417	27
1645	2024-03-04										2026-01-21	2026-01-21		2024-03-04	45417	88	1	1.8	36333	1.6	2	88	0.3	36333	40	-1.5	45409	28
1644	2024-03-03										2026-01-21	2026-01-21		2024-03-03	45417	88	1	1.8	36333	1.6	2	88	0.3	36333	40	-1.5	0	29
1643	2024-03-02										2026-01-21	2026-01-21		2024-03-02	45417	88	1	1.8	36333	1.6	2	88	0.3	36333	40	-1.5	0	30
1642	2024-03-01										2026-01-21	2026-01-21		2024-03-01	45417	88	1	1.8	36333	1.6	2	88	0.3	36333	40	-1.5	0	31
1641	2024-02-29										2026-01-21	2026-01-21		2024-02-29	45259	88	1	1.8	36204	1.6	2	88	0.3	42069	40	-1.5	50883	1
1640	2024-02-28										2026-01-21	2026-01-21		2024-02-28	45259	88	1	1.8	36207	1.6	2	88	0.3	42069	40	-1.5	50883	2
1639	2024-02-27										2026-01-21	2026-01-21		2024-02-27	45259	88	1	1.8	36207	1.6	2	88	0.3	42069	40	-1.5	50883	3
1638	2024-02-26										2026-01-21	2026-01-21		2024-02-26	45259	88	1	1.8	36207	1.6	2	88	0.3	42069	40	-1.5	50883	4
1637	2024-02-25										2026-01-21	2026-01-21		2024-02-25	45259	88	1	1.8	36207	1.6	2	88	0.3	42069	40	-1.5	0	5
1636	2024-02-24										2026-01-21	2026-01-21		2024-02-24	45259	88	1	1.8	36207	1.6	2	88	0.3	42069	40	-1.5	50883	6
1635	2024-02-23										2026-01-21	2026-01-21		2024-02-23	45259	88	1	1.8	36207	1.6	2	88	0.3	42069	40	-1.5	50883	7
1634	2024-02-22										2026-01-21	2026-01-21		2024-02-22	45259	88	1	1.8	36207	1.6	2	88	0.3	42069	40	-1.5	50883	8
1633	2024-02-21										2026-01-21	2026-01-21		2024-02-21	45259	88	1	1.8	36207	1.6	2	88	0.3	42069	40	-1.5	50883	9
1632	2024-02-20										2026-01-21	2026-01-21		2024-02-20	45259	88	1	1.8	36207	1.6	2	88	0.3	42069	40	-1.5	50883	10
1631	2024-02-19										2026-01-21	2026-01-21		2024-02-19	45259	88	1	1.8	36207	1.6	2	88	0.3	42069	40	-1.5	50883	11
1630	2024-02-18										2026-01-21	2026-01-21		2024-02-18	45259	88	1	1.8	36207	1.6	2	88	0.3	42069	40	-1.5	0	12
1629	2024-02-17										2026-01-21	2026-01-21		2024-02-17	45259	88	1	1.8	36207	1.6	2	88	0.3	42069	40	-1.5	50883	13
1628	2024-02-16										2026-01-21	2026-01-21		2024-02-16	45259	88	1	1.8	36207	1.6	2	88	0.3	42069	40	-1.5	50883	14
1627	2024-02-15										2026-01-21	2026-01-21		2024-02-15	45259	88	1	1.8	36207	1.6	2	88	0.3	42069	40	-1.5	50883	15
1626	2024-02-14										2026-01-21	2026-01-21		2024-02-14	45259	88	1	1.8	36207	1.6	2	88	0.3	42069	40	-1.5	50883	16
1625	2024-02-13										2026-01-21	2026-01-21		2024-02-13	45259	88	1	1.8	36207	1.6	2	88	0.3	42069	40	-1.5	50883	17
1624	2024-02-12										2026-01-21	2026-01-21		2024-02-12	45259	88	1	1.8	36207	1.6	2	88	0.3	42069	40	-1.5	50883	18
1623	2024-02-11										2026-01-21	2026-01-21		2024-02-11	45259	88	1	1.8	36207	1.6	2	88	0.3	42069	40	-1.5	0	19
1622	2024-02-10										2026-01-21	2026-01-21		2024-02-10	45259	88	1	1.8	36207	1.6	2	88	0.3	42069	40	-1.5	50883	20
1621	2024-02-09										2026-01-21	2026-01-21		2024-02-09	45259	88	1	1.8	36207	1.6	2	88	0.3	42069	40	-1.5	50883	21
1620	2024-02-08										2026-01-21	2026-01-21		2024-02-08	45259	88	1	1.8	36207	1.6	2	88	0.3	42069	40	-1.5	50883	22
1619	2024-02-07										2026-01-21	2026-01-21		2024-02-07	45259	88	1	1.8	36207	1.6	2	88	0.3	42069	40	-1.5	50883	23
1618	2024-02-06										2026-01-21	2026-01-21		2024-02-06	45259	88	1	1.8	36207	1.6	2	88	0.3	42069	40	-1.5	50883	24
1617	2024-02-05										2026-01-21	2026-01-21		2024-02-05	45259	88	1	1.8	36207	1.6	2	88	0.3	42069	40	-1.5	50883	25
1616	2024-02-04										2026-01-21	2026-01-21		2024-02-04	45259	88	1	1.8	36207	1.6	2	88	0.3	42069	40	-1.5	0	26
1615	2024-02-03										2026-01-21	2026-01-21		2024-02-03	45259	88	1	1.8	36207	1.6	2	88	0.3	42069	40	-1.5	50883	27
1614	2024-02-02										2026-01-21	2026-01-21		2024-02-02	45259	88	1	1.8	36207	1.6	2	88	0.3	42069	40	-1.5	49691	28
1613	2024-02-01										2026-01-21	2026-01-21		2024-02-01	45248	88	1	1.8	36207	1.6	2	88	0.3	42068	40	-1.5	0	29
1612	2024-01-31										2026-01-21	2026-01-21		2024-01-31	47917	88	1	1.8	38341	1.6	2	88	0.3	51111	40	-1.5	57500	1
1611	2024-01-30										2026-01-21	2026-01-21		2024-01-30	47917	88	1	1.8	38333	1.6	2	88	0.3	51111	40	-1.5	57500	2
1610	2024-01-29										2026-01-21	2026-01-21		2024-01-29	47917	88	1	1.8	38333	1.6	2	88	0.3	51111	40	-1.5	57500	3
1609	2024-01-28										2026-01-21	2026-01-21		2024-01-28	47917	88	1	1.8	38333	1.6	2	88	0.3	51111	40	-1.5	57500	4
1608	2024-01-27										2026-01-21	2026-01-21		2024-01-27	47917	88	1	1.8	38333	1.6	2	88	0.3	51111	40	-1.5	57500	5
1607	2024-01-26										2026-01-21	2026-01-21		2024-01-26	47917	88	1	1.8	38333	1.6	2	88	0.3	51111	40	-1.5	57500	6
1606	2024-01-25										2026-01-21	2026-01-21		2024-01-25	47917	88	1	1.8	38333	1.6	2	88	0.3	51111	40	-1.5	57500	7
1605	2024-01-24										2026-01-21	2026-01-21		2024-01-24	47917	88	1	1.8	38333	1.6	2	88	0.3	51111	40	-1.5	57500	8
1604	2024-01-23										2026-01-21	2026-01-21		2024-01-23	47917	88	1	1.8	38333	1.6	2	88	0.3	51111	40	-1.5	57500	9
1603	2024-01-22										2026-01-21	2026-01-21		2024-01-22	47917	88	1	1.8	38333	1.6	2	88	0.3	51111	40	-1.5	57500	10
1602	2024-01-21										2026-01-21	2026-01-21		2024-01-21	47917	88	1	1.8	38333	1.6	2	88	0.3	51111	40	-1.5	0	11
1601	2024-01-20										2026-01-21	2026-01-21		2024-01-20	47917	88	1	1.8	38333	1.6	2	88	0.3	51111	40	-1.5	57500	12
1600	2024-01-19										2026-01-21	2026-01-21		2024-01-19	47917	88	1	1.8	38333	1.6	2	88	0.3	51111	40	-1.5	57500	13
1599	2024-01-18										2026-01-21	2026-01-21		2024-01-18	47917	88	1	1.8	38333	1.6	2	88	0.3	51111	40	-1.5	57500	14
1598	2024-01-17										2026-01-21	2026-01-21		2024-01-17	47917	88	1	1.8	38333	1.6	2	88	0.3	51111	40	-1.5	57500	15
1597	2024-01-16										2026-01-21	2026-01-21		2024-01-16	47917	88	1	1.8	38333	1.6	2	88	0.3	51111	40	-1.5	57500	16
1596	2024-01-15										2026-01-21	2026-01-21		2024-01-15	47917	88	1	1.8	38333	1.6	2	88	0.3	51111	40	-1.5	57500	17
1595	2024-01-14										2026-01-21	2026-01-21		2024-01-14	47917	88	1	1.8	38333	1.6	2	88	0.3	51113	40	-1.5	0	18
1594	2024-01-13										2026-01-21	2026-01-21		2024-01-13	47917	88	1	1.8	38333	1.6	2	88	0.3	0	40	-1.5	0	19
1593	2024-01-12										2026-01-21	2026-01-21		2024-01-12	47917	88	1	1.8	38333	1.6	2	88	0.3	0	40	-1.5	0	20
1592	2024-01-11										2026-01-21	2026-01-21		2024-01-11	47917	88	1	1.8	38333	1.6	2	88	0.3	0	40	-1.5	0	21
1591	2024-01-10										2026-01-21	2026-01-21		2024-01-10	47917	88	1	1.8	38333	1.6	2	88	0.3	0	40	-1.5	0	22
1590	2024-01-09										2026-01-21	2026-01-21		2024-01-09	47917	88	1	1.8	38333	1.6	2	88	0.3	0	40	-1.5	0	23
1589	2024-01-08										2026-01-21	2026-01-21		2024-01-08	47909	88	1	1.8	38333	1.6	2	88	0.3	0	40	-1.5	0	24
1588	2024-01-07										2026-01-21	2026-01-21		2024-01-07	0	0	0	0	0	0	0	0	0	0	0	0	0	25
1587	2024-01-06										2026-01-21	2026-01-21		2024-01-06	0	0	0	0	0	0	0	0	0	0	0	0	0	26
1586	2024-01-05										2026-01-21	2026-01-21		2024-01-05	0	0	0	0	0	0	0	0	0	0	0	0	0	27
1585	2024-01-04										2026-01-21	2026-01-21		2024-01-04	0	0	0	0	0	0	0	0	0	0	0	0	0	28
1584	2024-01-03										2026-01-21	2026-01-21		2024-01-03	0	0	0	0	0	0	0	0	0	0	0	0	0	29
1583	2024-01-02										2026-01-21	2026-01-21		2024-01-02	0	0	0	0	0	0	0	0	0	0	0	0	0	30
1582	2024-01-01										2026-01-21	2026-01-21		2024-01-01	0	0	0	0	0	0	0	0	0	0	0	0	0	31
